1.000000	0.000000	0.000000	0.000000	0.000000	
2.818288e-001	9.317118e-002	0.000000e+000	0.000000e+000	0.000000e+000	
0.000000e+000	1.816873e-001	1.933127e-001	0.000000e+000	0.000000e+000	
0.000000e+000	0.000000e+000	3.093013e-001	6.569875e-002	0.000000e+000	
0.000000e+000	0.000000e+000	0.000000e+000	3.640526e-001	1.094743e-002	
0.000000e+000	0.000000e+000	0.000000e+000	0.000000e+000	3.750000e-001	
3.750000e-031	9.565956e-013	3.750000e-031	2.537698e-001	3.750000e-031	3.750000e-031	3.750000e-031	1.090736e-021	3.750000e-031	3.750000e-031	3.750000e-031	9.615385e-004	3.750000e-031	3.750000e-031	3.750000e-031	3.750000e-031	3.750000e-031	3.750000e-031	3.750000e-031	6.963196e-002	3.750000e-031	1.250000e-002	3.750000e-031	5.000000e-003	3.750000e-031	3.750000e-031	2.473086e-003	2.650115e-002	3.750000e-031	3.750000e-031	4.162476e-003	7.456570e-029	
3.750000e-031	1.666667e-002	3.750000e-031	4.486794e-002	3.750000e-031	3.750000e-031	3.750000e-031	4.799575e-002	3.750000e-031	1.246482e-002	3.750000e-031	3.750000e-031	3.750000e-031	3.750000e-031	3.750000e-031	2.223172e-002	3.750000e-031	3.750000e-031	3.750000e-031	2.844340e-002	1.997602e-010	3.158831e-002	3.750000e-031	4.161426e-002	3.750000e-031	1.247484e-002	2.526783e-003	2.729941e-002	2.513261e-002	3.750000e-031	1.062601e-030	6.169350e-002	
3.750000e-031	3.750000e-031	3.750000e-031	1.449037e-030	3.750000e-031	3.750000e-031	3.750000e-031	5.094192e-002	3.750000e-031	4.346456e-002	3.750000e-031	3.750000e-031	3.750000e-031	3.750000e-031	3.750000e-031	1.402190e-001	3.750000e-031	3.750000e-031	3.750000e-031	3.750000e-031	4.241048e-002	4.606744e-003	3.750000e-031	1.316099e-019	3.750000e-031	5.559352e-002	3.750000e-031	3.750000e-031	3.776380e-002	3.750000e-031	3.750000e-031	3.750000e-031	
3.750000e-031	3.750000e-031	3.750000e-031	3.750000e-031	3.750000e-031	1.697424e-002	3.750000e-031	7.967497e-004	3.750000e-031	1.275589e-001	3.750000e-031	3.750000e-031	3.750000e-031	3.750000e-031	3.750000e-031	1.867724e-003	3.750000e-031	3.750000e-031	3.750000e-031	3.750000e-031	2.631342e-029	2.278024e-001	3.750000e-031	3.750000e-031	3.750000e-031	6.584921e-019	3.750000e-031	3.750000e-031	3.750000e-031	3.750000e-031	3.750000e-031	3.750000e-031	
3.750000e-031	3.750000e-031	3.750000e-031	3.750000e-031	3.750000e-031	3.750000e-031	3.750000e-031	3.750000e-031	3.750000e-031	3.750000e-031	3.750000e-031	3.750000e-031	3.750000e-031	3.750000e-031	3.750000e-031	1.263798e-001	3.750000e-031	3.750000e-031	3.750000e-031	3.750000e-031	3.750000e-031	3.613862e-002	3.750000e-031	5.547265e-002	3.750000e-031	1.311626e-001	3.750000e-031	3.750000e-031	3.750000e-031	3.750000e-031	3.750000e-031	2.584634e-002	
