1.000000	0.000000	0.000000	0.000000	0.000000	
2.876429e-001	8.735708e-002	0.000000e+000	0.000000e+000	0.000000e+000	
0.000000e+000	2.857766e-001	8.922340e-002	0.000000e+000	0.000000e+000	
0.000000e+000	0.000000e+000	2.631397e-001	1.118603e-001	0.000000e+000	
0.000000e+000	0.000000e+000	0.000000e+000	2.706106e-001	1.043894e-001	
0.000000e+000	0.000000e+000	0.000000e+000	0.000000e+000	3.750000e-001	
3.750000e-031	3.750000e-031	3.750000e-031	2.924378e-001	3.750000e-031	3.750000e-031	3.750000e-031	3.750000e-031	3.750000e-031	3.750000e-031	3.750000e-031	1.250000e-002	3.750000e-031	3.750000e-031	3.750000e-031	3.750000e-031	3.750000e-031	3.750000e-031	3.750000e-031	4.506224e-002	3.750000e-031	3.750000e-031	3.750000e-031	3.750000e-031	3.750000e-031	3.750000e-031	3.750000e-031	2.500000e-002	3.750000e-031	3.750000e-031	3.750000e-031	3.750000e-031	
3.750000e-031	3.750000e-031	3.750000e-031	1.313620e-001	3.750000e-031	3.750000e-031	3.750000e-031	3.750000e-031	3.750000e-031	3.750000e-031	3.750000e-031	9.267722e-002	3.750000e-031	3.750000e-031	3.750000e-031	3.750000e-031	3.750000e-031	3.750000e-031	3.750000e-031	1.244292e-001	3.750000e-031	3.750000e-031	3.750000e-031	3.750000e-031	3.750000e-031	3.750000e-031	3.750000e-031	3.426007e-003	3.750000e-031	3.750000e-031	3.750000e-031	2.310561e-002	
3.750000e-031	5.410865e-026	3.750000e-031	1.503612e-001	3.750000e-031	3.750000e-031	3.750000e-031	3.750000e-031	3.750000e-031	3.750000e-031	3.750000e-031	1.587461e-002	3.750000e-031	3.750000e-031	3.750000e-031	3.750000e-031	3.750000e-031	5.017961e-026	3.750000e-031	1.130551e-001	3.750000e-031	3.750000e-031	3.750000e-031	1.052754e-020	3.750000e-031	3.750000e-031	3.750000e-031	9.570901e-002	3.750000e-031	3.750000e-031	3.750000e-031	6.403632e-025	
3.750000e-031	1.588393e-001	3.750000e-031	3.750000e-031	3.750000e-031	1.406300e-029	3.750000e-031	4.583333e-002	3.750000e-031	3.750000e-031	3.750000e-031	3.750000e-031	3.750000e-031	3.750000e-031	3.750000e-031	3.750000e-031	3.750000e-031	2.032738e-002	3.750000e-031	3.119488e-003	3.750000e-031	2.141459e-002	3.750000e-031	1.192159e-001	3.750000e-031	3.750000e-031	3.750000e-031	2.021361e-024	3.750000e-031	3.750000e-031	3.750000e-031	6.250000e-003	
3.750000e-031	3.750000e-031	3.750000e-031	3.750000e-031	3.750000e-031	2.304278e-001	3.750000e-031	3.750000e-031	3.750000e-031	2.307692e-003	3.750000e-031	3.750000e-031	3.750000e-031	1.960784e-003	3.750000e-031	3.750000e-031	3.750000e-031	1.152834e-001	3.750000e-031	3.750000e-031	3.750000e-031	2.502029e-002	3.750000e-031	3.750000e-031	3.750000e-031	3.750000e-031	3.750000e-031	3.750000e-031	3.750000e-031	3.750000e-031	3.750000e-031	3.750000e-031	
