0
0
-1
0
0
0
0
-1
1
-2
1
-36
-47
-71
-90
-80
-83
-81
-73
-84
-83
-84
-94
-74
-94
-76
-88
-80
-81
-85
-75
-82
-83
-96
-110
-111
-107
-96
-98
-100
-97
-88
-69
-75
-76
-74
-83
-86
-81
-79
-82
-86
-82
-80
-93
-74
-66
-71
-68
-47
-49
-40
-29
-33
-24
-21
-35
-31
-39
-41
-26
-23
-23
-24
-31
-39
-31
-18
-17
-16
-15
-25
-24
-34
-37
-35
-33
-53
-36
-32
-56
-42
-45
-36
-41
-54
-27
-34
-32
-35
-51
-53
-38
-16
-18
-19
-32
-13
-28
-25
-23
-30
-22
-19
-9
-20
-6
-12
-18
-3
9
1
12
39
15
23
32
15
20
9
9
2
-13
-11
-14
-29
-46
-45
-47
-58
-50
-44
-55
-48
-59
-45
-48
-52
-49
-58
-48
-53
-56
-60
-66
-67
-86
-85
-81
-94
-86
-75
-85
-93
-74
-70
-63
-53
-59
-46
-63
-70
-57
-56
-53
-67
-56
-69
-80
-88
-82
-76
-83
-69
-70
-65
-85
-68
-63
-66
-47
-38
-30
-46
-48
-39
-18
-21
-17
-20
-14
-9
-9
-13
-42
-53
-51
-37
-43
-46
-49
-51
-48
-51
-55
-64
-85
-100
-74
-78
-66
-61
-79
-73
-82
-75
-64
-77
-66
-62
-52
-48
-49
-47
-55
-61
-47
-50
-69
-53
-39
-29
-15
-16
-23
9
4
15
10
-2
29
22
2
-7
-14
-8
-9
-13
1
-10
0
-1
-14
-13
-9
8
-4
-5
-11
-10
-7
-16
-27
-48
-26
-42
-65
-65
-73
-59
-71
-71
-59
-59
-57
-61
-69
-78
-79
-98
-92
-73
-75
-84
-60
-42
-65
-59
-52
-53
-62
-62
-57
-50
-47
-66
-58
-61
-56
-47
-15
-19
-43
-31
-43
-30
-41
-25
-28
-13
-2
-11
5
16
2
1
6
-23
-23
-11
1
-22
-25
-28
-39
-47
-55
-43
-60
-70
-76
-96
-87
-96
-90
-82
-96
-89
-77
-71
-75
-68
-55
-59
-64
-66
-56
-39
-38
-42
-38
-57
-59
-49
-63
-56
-59
-40
-35
-43
-24
-27
-34
-33
-18
1
-1
-4
-12
-20
-6
-7
-5
-2
-12
-12
-20
-32
-37
-31
-39
-20
-29
-32
-9
-15
-8
-12
-4
1
-7
-16
-17
-21
-37
-52
-52
-52
-49
-64
-55
-63
-79
-79
-85
-79
-76
-59
-94
-70
-59
-73
-66
-79
-71
-79
-78
-72
-57
-62
-65
-54
-44
-38
-51
-56
-54
-68
-61
-63
-58
-44
-45
-49
-48
-34
-35
-39
-32
-16
-27
-11
0
0
-8
-11
-16
-14
-11
-14
-17
-17
-13
-26
-40
-39
-37
-33
-48
-46
-27
-38
-38
-61
-59
-54
-63
-42
-17
-14
-12
-10
-14
-5
-19
-13
-10
-13
-33
-49
-19
-31
-42
-27
-30
-13
-4
1
3
15
19
12
19
26
30
30
24
39
26
31
48
42
39
37
17
10
23
-3
-11
-2
-2
-16
-20
-26
-37
-30
-45
-54
-50
-45
-47
-24
-40
-56
-39
-46
-51
-58
-47
-54
-42
-42
-46
-48
-58
-50
-67
-68
-77
-81
-83
-89
-94
-97
-95
-101
-108
-109
-120
-97
-82
-89
-80
-82
-73
-57
-49
-44
-29
-47
-67
-54
-56
-54
-56
-60
-43
-49
-62
-63
-57
-61
-68
-61
-68
-64
-68
-60
-55
-58
-45
-48
-57
-65
-49
-52
-29
-54
-53
-25
-34
-33
-26
-26
-49
-59
-55
-56
-72
-70
-68
-75
-77
-66
-50
-56
-42
-42
-40
-20
-21
1
-22
-16
-8
-17
-3
21
17
11
1
5
-9
-5
-18
-9
-8
-19
-13
-34
-26
-27
-26
-29
-20
-6
-17
-9
-13
-21
-34
-25
-18
-18
-5
-22
-11
-22
-32
-41
-22
-27
-50
-51
-59
-52
-62
-41
-45
-47
-44
-57
-57
-54
-44
-55
-60
-42
-47
-52
-64
-71
-55
-48
-47
-46
-24
-41
-41
-16
-25
-17
-29
-27
-26
-34
-42
-54
-52
-52
-47
-48
-31
-37
-34
-18
-23
-17
-14
-15
-24
-12
-15
-6
-20
-24
-24
-34
-34
-45
-55
-44
-33
-37
-22
-14
-21
3
12
-6
0
-11
-20
-27
-13
-5
-16
-2
-6
-6
-23
-17
-2
-25
-21
-15
-18
-8
0
-6
0
-4
16
11
5
16
25
34
39
49
41
51
67
58
55
68
48
55
57
57
54
60
46
32
10
-15
-13
-14
-20
-26
-38
-24
-6
-2
-5
-2
3
2
-6
-15
-12
-15
-7
-12
-9
-10
-13
-29
-39
-44
-40
-25
-15
-24
-9
-2
-9
-13
-19
-2
-2
-16
-44
-32
-27
-39
-43
-45
-41
-53
-49
-40
-30
-28
-16
-27
-18
-4
-6
-3
6
3
-16
-22
-40
-26
-42
-62
-60
-37
-36
-35
-32
-33
-3
-32
-28
-12
-20
-11
-18
-29
-29
-35
-46
-27
-32
-34
-29
-30
-42
-45
-52
-52
-60
-76
-51
-84
-64
-56
-58
-39
-39
-34
-38
-45
-40
-53
-52
-44
-51
-30
-22
-11
-13
1
3
17
31
46
41
41
66
51
47
43
22
33
31
33
35
-5
-10
6
6
28
26
9
12
14
28
35
34
42
47
48
58
67
83
68
52
51
14
10
-16
-11
-16
-12
-6
-20
-28
-33
-45
-38
-31
-51
-58
-59
-50
-52
-44
-57
-53
-39
-39
-39
-35
-23
-19
-35
-28
-16
-21
-36
-33
-32
-33
-53
-58
-45
-57
-38
-81
-90
-75
-81
-61
-86
-61
-40
-38
-20
-17
-4
-19
-4
18
-4
-9
-32
-33
-46
-57
-55
-53
-52
-31
-39
-34
-45
-38
-10
-20
-13
-11
-11
1
-3
-21
-11
-12
-22
0
4
3
-4
-5
-16
-13
-15
-8
-4
-25
-5
-5
12
35
33
19
26
32
-1
3
22
18
27
17
14
32
37
39
35
32
28
7
0
-9
6
12
15
4
25
38
15
26
28
38
34
19
27
23
36
26
17
25
18
15
2
10
9
2
1
9
8
-11
2
5
-5
-13
4
22
25
19
16
25
23
-2
12
13
18
17
2
5
0
-8
3
-7
-27
-12
-17
-12
-19
7
10
10
3
16
29
25
35
43
48
42
26
9
22
8
-2
-5
-7
11
12
-1
-2
-30
-31
-26
-24
-19
-16
-32
-36
-39
-49
-57
-53
-43
-39
-16
-32
-37
-13
-10
7
-7
5
-2
9
11
-21
3
18
14
19
28
34
33
32
49
18
29
27
19
33
28
18
26
28
32
29
35
23
5
11
7
2
17
15
17
28
9
9
12
4
4
11
15
19
25
11
3
-16
-20
-21
-32
-42
-62
-69
-62
-57
-56
-35
-44
-32
-44
-55
-38
-26
-28
-19
8
4
17
29
41
40
30
21
26
24
40
18
14
12
-11
12
-15
-8
-20
-29
-30
-53
-54
-70
-86
-91
-69
-60
-44
-46
-39
-25
-21
-9
1
-3
-25
-19
-14
-29
-35
-50
-34
-49
-49
-50
-59
-56
-84
-79
-60
-64
-71
-86
-64
-63
-55
-45
-24
-9
-19
7
9
19
9
5
12
10
-15
-20
-13
-13
8
6
-19
-45
-36
-42
-22
-18
-30
-42
-41
-19
-22
-23
-37
-31
-16
-12
3
24
17
12
34
50
59
61
55
40
18
13
21
10
-11
-28
-18
-19
-30
-41
-69
-58
-49
-61
-63
-70
-52
-42
-27
-14
-23
-16
3
0
4
4
4
-1
3
5
0
3
6
-15
-15
-34
-54
-60
-73
-68
-71
-70
-88
-97
-107
-90
-67
-90
-60
-43
-61
-48
-45
-54
-37
-26
-31
-33
-32
-30
-30
-34
-51
-21
-6
-16
-18
-18
-4
-7
-18
-27
-24
-35
-34
-35
-17
-24
-7
7
-7
-20
15
20
3
-5
-30
-18
-10
-6
-3
-12
-5
0
-11
0
2
5
15
1
4
19
32
54
34
38
16
24
40
50
55
34
37
36
36
42
38
14
36
57
65
35
15
33
25
32
6
-6
-6
24
63
72
45
15
-11
22
54
18
-20
-31
-9
6
-6
-45
-51
-35
-39
-14
15
29
7
-1
26
48
51
66
32
22
36
21
15
12
1
-24
-36
-27
-16
-23
1
-18
-26
-13
-2
14
-5
-42
-27
-6
-17
-41
-53
-17
32
29
27
21
-9
-21
24
31
14
-14
-13
2
-35
-38
-52
-82
-109
-76
-36
-28
-41
-46
-34
-30
-38
-31
-9
-18
7
11
-5
-46
-28
-26
-32
-30
-31
-29
-44
-34
-48
-60
-83
-83
-87
-72
-83
-93
-62
-60
-87
-88
-51
-38
-32
-42
-25
-16
-38
-44
-57
-33
-19
-37
-25
-65
-36
-6
-34
-100
-111
-67
-49
-32
-74
-97
-82
-59
-54
-14
-32
-63
-58
-40
-50
-46
-24
-60
-36
-8
-2
-42
-39
-18
-46
-42
-24
-29
-67
-60
-15
-40
-61
-49
-84
-68
-52
-50
-68
-65
-16
-13
-17
-61
-70
-48
-45
-64
-70
-67
-89
-116
-130
-101
-98
-106
-131
-126
-82
-63
-70
-89
-54
-48
-88
-86
-60
-49
-33
-26
-68
-59
-22
-77
-63
-54
-129
-109
-68
-98
-122
-82
-97
-114
-63
-43
-60
-56
-36
-57
-30
-37
-42
-39
-65
-87
-87
-71
-51
-39
-54
-28
-27
-48
-12
-8
-22
-36
-79
-55
-26
-37
-45
-48
-50
-12
-6
-18
-23
-44
-1
46
35
-9
9
50
54
27
44
60
35
36
86
97
68
63
82
82
33
82
149
159
123
89
128
188
179
138
158
191
110
118
209
183
121
132
168
137
116
141
125
140
132
59
103
153
133
114
120
128
151
192
194
129
120
143
156
147
144
105
52
74
142
175
87
62
117
151
143
124
67
63
151
130
117
147
69
43
131
132
23
-18
-54
-38
67
67
-47
-93
5
40
-34
-25
-26
-50
16
-18
-90
-62
-27
-56
-72
-123
-158
-82
-54
-150
-232
-139
-110
-162
-163
-171
-153
-218
-227
-235
-318
-268
-169
-205
-331
-305
-278
-248
-145
-223
-291
-212
-175
-207
-146
-154
-222
-223
-216
-148
-123
-223
-259
-237
-240
-215
-233
-277
-263
-194
-177
-202
-200
-238
-181
-124
-151
-156
-219
-228
-178
-160
-136
-228
-214
-157
-141
-157
-225
-230
-180
-135
-177
-240
-204
-171
-202
-255
-247
-236
-237
-277
-447
-418
-338
-346
-414
-460
-512
-489
-395
-453
-557
-617
-573
-445
-496
-614
-580
-575
-654
-602
-584
-667
-733
-755
-772
-796
-875
-851
-851
-880
-877
-895
-839
-855
-950
-997
-887
-790
-897
-955
-893
-855
-869
-892
-954
-920
-837
-916
-965
-920
-942
-979
-931
-940
-1037
-1026
-1003
-1080
-1127
-1147
-1231
-1251
-1251
-1348
-1396
-1468
-1544
-1461
-1460
-1549
-1642
-1568
-1476
-1443
-1474
-1416
-1305
-1271
-1109
-953
-948
-880
-703
-645
-535
-402
-423
-355
-271
-348
-322
-129
-141
-244
-192
-113
-94
-40
11
-92
-115
-25
-66
-121
-141
-264
-266
-71
-188
-465
-461
-327
-348
-448
-383
-496
-546
-391
-396
-448
-427
-489
-437
-276
-361
-373
-279
-313
-340
-291
-155
-136
-209
-323
-265
-93
-115
-181
-297
-310
-219
-129
-165
-264
-251
-208
-163
-32
-48
-191
-158
-59
-33
-36
-113
-186
-40
-13
-159
-237
-213
-242
-277
-339
-478
-587
-655
-648
-641
-738
-742
-744
-837
-722
-691
-807
-819
-740
-860
-907
-771
-749
-761
-734
-710
-673
-506
-416
-439
-338
-216
-131
-119
-1
149
121
152
259
231
337
486
378
435
545
552
521
615
578
510
543
526
563
524
481
458
397
459
526
486
384
491
466
343
365
392
307
234
270
218
279
182
8
89
157
105
79
5
-92
-68
-63
-225
-209
-209
-322
-315
-322
-529
-492
-461
-508
-549
-717
-621
-513
-686
-770
-678
-693
-707
-720
-709
-865
-992
-799
-667
-871
-1013
-946
-872
-902
-1002
-1179
-1127
-1085
-1310
-1233
-1118
-1418
-1646
-1532
-1463
-1571
-1824
-2063
-2100
-2065
-2309
-2439
-2712
-2931
-2772
-2862
-3106
-3311
-3261
-3193
-3209
-3276
-3360
-3357
-3236
-3061
-3122
-3045
-2904
-2770
-2585
-2511
-2477
-2254
-1927
-1976
-1790
-1491
-1340
-1094
-1060
-993
-862
-653
-535
-494
-512
-528
-334
-2
-148
-448
-231
-93
49
-15
-174
-236
-89
178
163
-55
-3
5
72
296
288
187
313
543
612
772
962
1073
951
1134
1335
1389
1390
1513
1499
1550
1804
1847
1873
1864
1990
2151
2253
2118
2118
2247
2236
2256
2354
2308
2120
2183
2241
2225
2271
2238
2243
2253
2408
2472
2501
2451
2299
2191
2432
2575
2460
2381
2295
2437
2474
2561
2544
2336
2467
2731
2680
2725
2648
2628
2741
2918
2825
2718
2978
2874
2729
2704
2738
2741
2721
2507
2305
2572
2648
2612
2503
2296
2460
2678
2786
2417
2355
2554
2480
2518
2618
2405
2262
2294
2211
2253
2187
1942
2057
2095
1785
1625
1933
1954
1652
1544
1566
1461
1543
1716
1357
1098
1258
1415
1363
1288
1023
1012
1352
1279
1166
1091
884
1041
1296
1198
1009
869
880
996
919
744
838
817
667
805
808
879
815
744
779
1019
779
700
725
571
692
798
809
449
388
559
965
648
558
649
769
794
825
944
810
748
708
781
992
855
731
722
786
891
898
820
518
559
780
1034
623
326
561
669
551
358
431
276
283
233
195
236
40
-29
54
-2
-172
-159
46
-112
-286
-111
-216
-280
-326
-292
-418
-607
-769
-746
-547
-737
-833
-938
-977
-854
-760
-872
-1246
-1282
-1224
-1109
-1213
-1412
-1660
-1775
-1672
-1932
-1843
-2067
-2276
-2329
-2089
-2081
-2324
-2499
-2526
-2284
-2281
-2501
-2803
-2920
-2636
-2278
-2470
-2700
-2898
-2767
-2534
-2183
-2435
-2909
-2837
-2560
-2200
-2390
-2705
-2754
-2352
-2193
-2387
-2282
-2531
-2253
-2090
-2002
-2285
-2089
-1794
-1947
-1756
-1906
-1407
-1411
-1123
-1529
-1314
-836
-890
-631
-706
-713
-749
-60
-185
-119
-31
-113
36
497
573
538
753
789
1379
1238
1247
1331
1723
1786
1708
1787
1543
1830
1830
2025
1979
1836
1756
2063
2353
2326
2368
2181
2035
2359
2821
2776
2400
2181
2285
2660
2708
2235
2012
2150
2155
2103
2002
1924
1905
1750
1589
1939
2155
2055
1775
1872
1934
2141
2456
2123
2043
1922
2376
2589
2296
1946
1993
2299
2259
2348
2041
2068
2017
2062
2416
2369
2138
1944
2071
2369
2427
2364
2044
1954
2009
2465
2621
2335
1754
1817
2435
2799
2529
2039
1820
2093
2660
2621
2342
1925
2022
2164
2308
2332
2094
1942
1855
2180
1905
2040
1997
1949
1767
1839
2004
1992
2074
1693
1625
1612
2066
1858
1752
1456
1567
1688
1955
1928
1741
1479
1709
2332
2092
1620
1642
2215
2057
2088
2105
2147
2070
2331
2289
2299
2304
2352
2462
2401
2265
2097
2455
2486
2294
2012
2065
2160
2355
2149
2026
2025
2079
2051
2273
2213
1874
1917
1932
2150
1997
1762
1742
2014
1899
1596
1867
1980
1727
1572
1711
1853
1796
1595
1313
1369
1670
1702
1623
1090
852
1031
1726
1728
1217
841
1002
1696
1753
1677
1016
1081
1360
1812
1674
1379
1180
1031
1528
1470
1365
1106
999
1096
1387
1371
1034
1004
908
1066
1201
996
1085
789
801
892
1222
808
710
892
874
985
771
876
745
837
723
1042
942
560
586
875
1032
780
508
490
610
681
486
468
509
231
396
412
494
303
136
298
575
548
227
230
467
647
690
594
505
532
616
936
896
702
324
568
866
1019
658
473
421
457
736
897
838
264
209
710
1135
717
327
278
604
789
806
340
148
279
682
469
59
-203
69
328
-131
-325
-564
-69
-280
-452
-790
-1018
-907
-659
-470
-927
-1064
-1217
-847
-629
-603
-938
-1209
-1078
-787
-559
-823
-1056
-1109
-1013
-1015
-1144
-940
-1340
-1292
-1087
-1140
-1409
-1499
-1192
-1355
-1393
-1748
-1683
-1415
-1346
-1324
-1728
-1638
-1777
-1434
-1265
-1387
-1586
-1721
-1277
-1084
-1139
-1477
-1528
-1231
-976
-1007
-1201
-1260
-1226
-978
-820
-1055
-1304
-1435
-1023
-773
-1213
-1571
-1380
-979
-1164
-1294
-1329
-1370
-1319
-1243
-865
-1211
-1382
-1337
-796
-885
-1367
-1129
-1025
-782
-1161
-864
-844
-817
-1042
-1170
-761
-785
-958
-1223
-1135
-1195
-1041
-668
-929
-1270
-1508
-979
-584
-858
-1135
-1253
-874
-910
-666
-866
-944
-1066
-952
-619
-785
-716
-820
-737
-811
-607
-284
-524
-792
-1101
-486
-465
-523
-872
-797
-760
-735
-679
-669
-580
-765
-725
-588
-258
-452
-615
-529
-529
-567
-376
-427
-531
-692
-761
-484
-253
-409
-906
-897
-596
-233
-375
-809
-807
-664
-296
-337
-374
-761
-872
-543
-413
-332
-612
-927
-812
-583
-339
-522
-634
-1059
-707
-541
-376
-742
-886
-784
-563
-573
-770
-774
-760
-793
-787
-694
-709
-1113
-902
-688
-791
-1001
-1086
-804
-889
-751
-856
-707
-873
-742
-569
-615
-627
-717
-428
-526
-619
-776
-465
-419
-711
-864
-862
-567
-468
-612
-932
-839
-767
-367
-543
-655
-993
-854
-420
-303
-426
-834
-764
-641
-301
-266
-363
-743
-600
-430
10
-161
-334
-550
-254
-146
-209
-238
-379
-265
-424
-531
-506
-202
-231
-543
-868
-645
-407
-37
-329
-750
-989
-591
-113
29
-489
-932
-738
-126
281
-73
-378
-563
-175
195
330
-134
-381
-229
143
388
23
-196
-298
42
128
64
-34
-164
-90
-46
302
59
68
26
253
286
307
214
459
552
494
425
660
735
875
787
508
562
844
1152
799
546
274
829
869
761
420
306
556
758
664
253
235
371
480
661
263
305
233
504
442
502
506
364
631
427
856
670
799
486
938
904
1032
862
775
968
857
1120
773
883
596
1096
967
961
830
816
1118
1117
1266
1077
978
1022
1297
1563
1195
1001
1067
1392
1413
1155
1113
1142
1326
1052
1276
1109
1086
1113
1048
895
903
821
728
673
190
465
472
440
126
-95
-39
208
445
189
63
26
336
892
819
642
436
725
1085
1184
1198
930
1089
1198
1641
1678
1778
1616
1598
2038
2203
2489
2043
1945
2060
2149
2379
2161
1912
1714
1572
1753
1875
1445
1296
777
1046
995
1029
671
227
222
33
302
-77
-86
-582
-541
-657
-372
-522
-594
-860
-737
-480
-252
-230
-366
-176
-144
372
482
491
133
507
847
1173
878
801
982
1391
1580
1491
1705
1571
1861
1887
2354
2125
1927
2020
2339
2480
2134
1902
1786
1853
2110
1923
1791
1021
791
1095
1130
1050
-171
-211
-730
-158
-437
-862
-1568
-1983
-1535
-1421
-1447
-2021
-2077
-1981
-1660
-1430
-1298
-1379
-1243
-1085
-551
-351
-64
-399
-151
54
378
599
520
585
502
560
755
895
1021
725
653
759
703
1062
727
804
376
545
572
517
558
222
51
-139
-255
-74
-585
-798
-1353
-1421
-1549
-1860
-1967
-2610
-2724
-3130
-2837
-3097
-3193
-3639
-3583
-3412
-3360
-3239
-3455
-3327
-3254
-2870
-2645
-2494
-2293
-2105
-1731
-1722
-1254
-1100
-883
-748
-539
-248
-288
-83
-20
206
175
297
589
460
384
414
643
683
645
754
329
474
404
507
29
-535
-547
-385
-600
-1489
-1748
-1779
-1793
-2081
-2512
-2721
-2758
-2857
-2949
-3026
-3313
-3483
-3215
-3277
-3291
-3587
-3531
-3256
-3170
-3107
-3150
-2846
-2771
-2299
-1992
-1709
-1672
-1761
-1272
-772
-438
-549
-823
-637
-230
208
228
96
-137
241
726
1244
1170
1071
805
1264
1521
1597
1279
748
973
576
710
-189
4
-743
-941
-1375
-1492
-1607
-2074
-2150
-2600
-2444
-2663
-2417
-2664
-2627
-2905
-2595
-2372
-2314
-2465
-2596
-2447
-2123
-1900
-1963
-2055
-1970
-1635
-1270
-1093
-1111
-975
-683
-165
-258
-591
-257
209
469
176
-129
234
721
1289
937
1317
1165
2092
2340
1915
2346
2212
3223
2075
2344
1367
2305
2023
1357
714
-398
587
-47
128
-1602
-1523
-1827
-1261
-1462
-2064
-2553
-2616
-1895
-1952
-1944
-2546
-2176
-2168
-1677
-1879
-1567
-1666
-1516
-1330
-1117
-770
-682
-416
-530
-181
36
566
571
100
147
601
1116
922
462
467
1018
1552
1829
1552
1959
2423
2619
2460
2659
3017
3056
2730
2447
2324
1910
2055
1448
1497
208
300
-164
-53
-654
-1236
-1269
-1802
-1361
-1955
-1693
-2342
-2011
-2051
-1727
-1841
-2001
-1775
-1622
-1242
-1373
-1204
-1026
-799
-692
-449
-246
-87
22
155
433
758
785
354
492
940
1346
1203
684
819
1514
2362
2357
2156
2237
2516
3282
3113
3104
2913
2733
2670
2303
2301
1652
1678
924
636
-78
-132
-460
-667
-1262
-1780
-1812
-1861
-1682
-2117
-2226
-2582
-2154
-1944
-1830
-2059
-2062
-1882
-1527
-1314
-1205
-1126
-983
-787
-588
-195
-25
142
179
375
589
674
575
821
880
892
847
687
1113
1415
1922
2103
2218
2132
2160
3092
3273
3503
2410
2233
2367
2859
2648
1413
1174
207
864
94
209
-959
-1489
-1536
-1651
-1443
-2312
-2147
-2595
-2268
-2628
-2263
-2128
-2219
-2325
-2251
-1849
-1721
-1460
-1457
-1344
-1129
-811
-310
-213
-155
53
491
821
527
424
902
1218
1250
891
795
1176
1728
2053
2211
2248
2416
2646
3115
3129
3065
2931
2774
2745
2242
2202
1681
1586
860
558
-99
-181
-579
-630
-1204
-1779
-1883
-1982
-1651
-2088
-2019
-2648
-2299
-2124
-1558
-1851
-2205
-2018
-1785
-1158
-1264
-1053
-1302
-950
-679
-180
-8
-117
162
411
644
241
745
967
1233
834
562
1031
1526
2107
1979
2170
2264
2338
2942
3265
3261
2963
2200
2716
2592
2681
1705
1288
1005
322
547
-287
-212
-1280
-1406
-1638
-1804
-1793
-2362
-2015
-2612
-2349
-2618
-2155
-2012
-2168
-1937
-2241
-1685
-1634
-981
-1230
-1151
-1125
-647
-236
-244
-111
-169
232
344
721
392
470
550
1018
1076
742
720
1081
1855
2013
2345
2313
2016
2725
3088
3663
2920
2124
2332
2637
2958
1700
1389
504
685
443
154
-388
-1469
-1410
-1598
-1273
-2222
-2441
-2341
-2221
-2447
-2904
-2296
-2231
-1958
-2555
-2155
-2003
-1580
-1220
-1226
-1324
-1534
-545
-145
86
-489
-243
382
917
778
214
668
826
1474
1250
788
922
1534
2595
2528
2497
1578
2509
3322
3799
2986
1840
1911
2628
3125
1979
1035
112
582
665
380
-704
-1442
-1739
-1467
-1476
-1860
-2441
-2608
-2488
-2423
-2512
-2517
-2247
-2165
-2243
-2362
-1884
-1524
-1152
-1255
-1399
-1311
-824
-131
-6
-301
-576
-116
666
1001
573
5
411
1037
1617
1071
732
1068
1933
2667
2710
2193
1951
2732
3391
3558
2389
2112
2127
2572
2272
1378
954
198
461
77
-187
-1096
-1446
-1512
-1721
-1935
-2413
-2176
-2511
-2393
-2693
-2661
-2271
-2328
-1926
-2340
-2109
-1857
-1256
-1006
-1157
-1108
-1091
-302
-74
156
-151
-87
341
851
835
327
534
793
1379
1060
875
963
1739
2365
2720
2494
1593
2575
3082
3973
2699
1938
1939
2382
2621
1531
1279
90
330
29
124
-704
-1528
-1622
-1700
-1631
-2374
-2325
-2487
-2314
-2596
-2608
-2523
-2466
-2115
-2086
-1912
-2186
-1739
-1249
-905
-964
-1098
-768
-477
-52
-55
-5
-113
138
606
632
292
61
771
1121
1159
603
936
1749
2584
2800
2021
1899
2191
3402
3569
2827
1692
1589
2137
2374
1912
672
39
-261
113
-85
-736
-1674
-2014
-1901
-1950
-2158
-2539
-2594
-2705
-2824
-2810
-2585
-2281
-2254
-2278
-2309
-2115
-1569
-1215
-961
-1172
-1166
-782
-177
152
143
34
168
581
745
721
739
955
1075
1176
1044
1566
1946
2631
2567
2143
2042
2593
3392
3093
2566
1659
2011
1904
2096
1482
644
90
-151
30
-399
-888
-1652
-1720
-1949
-2010
-2245
-2431
-2458
-2687
-2640
-2753
-2518
-2320
-2191
-2208
-2234
-2025
-1549
-1225
-1122
-1039
-1065
-625
-313
47
126
113
250
505
581
649
808
1011
1105
1002
998
1437
1975
2463
2487
1954
2136
2377
3121
2927
2365
2035
1825
1879
1510
1310
846
421
-155
-328
-659
-913
-1210
-1547
-1700
-2246
-2322
-2340
-2235
-2352
-2646
-2634
-2690
-2489
-2068
-2060
-2109
-2152
-1900
-1435
-1123
-1141
-928
-808
-567
-226
14
245
320
438
378
592
656
1063
1072
1001
925
1158
1736
2258
2444
2110
2024
2170
2726
2817
2572
2112
1939
1674
1618
1375
1073
502
75
-192
-395
-779
-1161
-1275
-1521
-1787
-2221
-2245
-2245
-2200
-2364
-2432
-2546
-2475
-2227
-2003
-1947
-2052
-1962
-1590
-1290
-1128
-1061
-921
-734
-475
-179
31
142
224
294
491
576
775
903
870
994
1090
1542
1866
2166
2021
2085
2068
2292
2503
2324
2300
1914
1762
1518
1213
1092
683
451
6
-293
-659
-943
-1228
-1445
-1614
-1926
-2061
-2333
-2325
-2454
-2454
-2455
-2460
-2379
-2337
-2209
-2151
-2033
-1821
-1572
-1429
-1270
-1083
-909
-594
-412
-176
-5
160
244
398
588
720
900
884
972
1148
1363
1767
1995
2037
2098
2106
2314
2293
2348
2231
2121
1882
1599
1319
1073
894
493
344
-49
-322
-735
-966
-1109
-1323
-1549
-1811
-1942
-2135
-2194
-2323
-2238
-2330
-2208
-2139
-2059
-2061
-2012
-1768
-1567
-1313
-1261
-1041
-939
-684
-473
-243
-27
38
146
254
335
439
577
630
725
790
967
1225
1445
1635
1827
1896
2022
2019
2090
2079
2016
1957
1748
1505
1276
1074
858
597
353
119
-97
-367
-583
-793
-1005
-1176
-1318
-1453
-1615
-1767
-1878
-1920
-1983
-1903
-1902
-1825
-1778
-1701
-1625
-1522
-1395
-1301
-1158
-1048
-922
-826
-704
-590
-430
-322
-205
-134
-23
90
193
342
455
638
851
1118
1407
1626
1740
1816
1907
1949
1966
1947
1940
1809
1640
1537
1396
1209
982
854
684
439
169
-45
-283
-568
-814
-973
-1142
-1344
-1540
-1608
-1712
-1848
-1898
-1890
-1906
-1948
-1952
-1961
-1974
-1971
-1883
-1759
-1684
-1626
-1411
-1200
-1033
-833
-615
-435
-314
-131
82
254
360
534
737
959
1212
1513
1804
1994
2128
2284
2366
2375
2389
2353
2275
2134
2004
1814
1573
1330
1113
893
629
356
85
-205
-512
-752
-1000
-1236
-1442
-1601
-1727
-1854
-2008
-2131
-2178
-2234
-2227
-2260
-2255
-2245
-2225
-2159
-2062
-1940
-1786
-1577
-1343
-1093
-837
-614
-450
-285
-86
127
324
479
648
824
1029
1274
1585
1862
2063
2237
2387
2467
2430
2419
2410
2306
2156
2037
1832
1552
1287
1074
873
571
245
16
-245
-564
-857
-1060
-1298
-1548
-1686
-1780
-1920
-2064
-2144
-2217
-2294
-2308
-2281
-2259
-2208
-2188
-2146
-2068
-1903
-1706
-1515
-1293
-1060
-822
-582
-372
-194
-56
103
340
524
652
783
956
1149
1437
1768
2016
2163
2314
2430
2419
2362
2369
2309
2149
2017
1898
1684
1354
1111
944
714
382
106
-99
-382
-719
-930
-1127
-1399
-1597
-1681
-1730
-1902
-1995
-1987
-2023
-2130
-2115
-2043
-2038
-2022
-1939
-1862
-1795
-1656
-1418
-1181
-1025
-836
-588
-326
-218
-89
109
269
415
579
752
885
1016
1283
1658
1920
2080
2249
2420
2420
2346
2356
2351
2231
2079
1940
1740
1418
1164
1044
830
498
204
37
-224
-574
-824
-1021
-1313
-1531
-1594
-1661
-1854
-2020
-2045
-2032
-2114
-2185
-2148
-2120
-2105
-2045
-1929
-1863
-1788
-1550
-1285
-1086
-959
-758
-462
-266
-183
-24
143
276
430
604
767
880
1083
1435
1777
1987
2150
2351
2457
2431
2409
2410
2330
2160
2051
1942
1691
1343
1167
1022
727
398
183
-23
-349
-654
-866
-1058
-1350
-1506
-1549
-1663
-1856
-1948
-1906
-1930
-1986
-2006
-2010
-2022
-1987
-1898
-1828
-1767
-1622
-1399
-1154
-939
-781
-566
-306
-99
41
143
284
422
577
735
850
988
1218
1576
1922
2157
2278
2434
2488
2427
2415
2402
2308
2143
2013
1833
1544
1246
1102
912
612
292
93
-148
-517
-791
-989
-1196
-1459
-1591
-1642
-1766
-1954
-1987
-1934
-1964
-2022
-2050
-2035
-2045
-1967
-1868
-1793
-1695
-1558
-1344
-1087
-894
-708
-483
-266
-91
41
181
288
434
588
738
875
1028
1358
1687
1932
2105
2287
2428
2395
2320
2304
2273
2163
2064
1889
1629
1335
1147
1025
774
455
178
-42
-312
-599
-873
-1111
-1345
-1490
-1570
-1687
-1848
-1958
-1975
-1982
-2028
-2066
-2058
-2024
-1964
-1920
-1860
-1772
-1612
-1400
-1154
-970
-788
-529
-310
-138
-32
113
296
467
601
749
853
1005
1282
1626
1905
2068
2257
2417
2499
2409
2325
2290
2222
2130
1998
1822
1519
1255
1070
944
639
310
103
-98
-417
-747
-960
-1192
-1412
-1576
-1638
-1790
-1991
-2093
-2095
-2102
-2147
-2180
-2110
-2075
-2098
-2005
-1858
-1741
-1593
-1345
-1069
-904
-717
-463
-223
-87
-10
206
390
539
683
853
1014
1194
1520
1892
2124
2231
2376
2511
2483
2390
2344
2285
2133
1945
1812
1585
1240
1013
876
651
275
-2
-197
-529
-847
-1074
-1255
-1512
-1699
-1769
-1841
-2034
-2188
-2223
-2225
-2250
-2292
-2250
-2218
-2204
-2131
-1984
-1842
-1690
-1503
-1218
-958
-778
-579
-342
-156
-45
124
301
440
586
749
938
1118
1370
1739
2039
2185
2303
2464
2470
2391
2354
2336
2196
1978
1851
1670
1336
1034
914
728
368
91
-117
-394
-750
-1004
-1160
-1394
-1632
-1708
-1723
-1873
-2046
-2079
-2119
-2212
-2210
-2147
-2121
-2153
-2128
-1993
-1880
-1695
-1454
-1249
-1050
-869
-664
-437
-249
-109
41
192
343
504
688
837
1044
1300
1636
1920
2126
2272
2402
2428
2354
2332
2282
2167
1994
1883
1716
1384
1108
960
773
441
141
-37
-327
-669
-927
-1107
-1347
-1620
-1683
-1736
-1886
-2052
-2075
-2069
-2153
-2197
-2166
-2118
-2160
-2108
-1989
-1927
-1848
-1603
-1365
-1182
-1016
-768
-513
-329
-191
-62
141
290
469
663
818
952
1194
1563
1880
2066
2171
2347
2399
2306
2256
2257
2179
2006
1847
1704
1430
1098
939
807
494
138
-64
-284
-630
-945
-1126
-1314
-1559
-1691
-1712
-1842
-2024
-2104
-2086
-2155
-2217
-2174
-2105
-2108
-2118
-2031
-1902
-1775
-1610
-1358
-1149
-1011
-827
-555
-338
-237
-128
70
241
362
509
705
885
1069
1419
1799
1982
2112
2268
2397
2338
2212
2182
2164
2008
1805
1701
1464
1130
923
827
591
205
-42
-220
-543
-885
-1110
-1274
-1558
-1754
-1770
-1873
-2080
-2167
-2187
-2238
-2285
-2239
-2201
-2227
-2236
-2172
-2044
-1888
-1710
-1502
-1329
-1122
-899
-694
-492
-335
-213
-92
88
233
390
561
757
987
1278
1610
1901
2057
2186
2279
2258
2203
2166
2135
2000
1788
1619
1447
1188
944
771
557
220
-42
-239
-519
-897
-1135
-1325
-1542
-1734
-1821
-1867
-2007
-2104
-2103
-2158
-2257
-2246
-2176
-2164
-2181
-2098
-2025
-1908
-1739
-1496
-1335
-1164
-932
-693
-497
-362
-197
-68
66
210
402
571
735
945
1228
1549
1856
2038
2163
2270
2281
2231
2212
2184
2059
1890
1730
1548
1258
1018
833
618
322
47
-171
-447
-757
-1029
-1229
-1454
-1651
-1714
-1765
-1916
-2030
-2065
-2150
-2215
-2159
-2166
-2163
-2170
-2115
-2043
-1930
-1762
-1564
-1400
-1193
-937
-729
-525
-347
-155
-31
91
295
465
621
780
1012
1262
1568
1880
2041
2137
2226
2266
2211
2175
2118
2006
1818
1637
1468
1239
1002
794
589
302
24
-186
-458
-787
-1029
-1204
-1408
-1645
-1749
-1796
-1916
-2008
-2027
-2044
-2163
-2198
-2151
-2116
-2130
-2096
-1992
-1954
-1812
-1586
-1384
-1240
-1037
-786
-545
-378
-224
-71
70
218
426
601
761
1002
1259
1591
1863
2054
2177
2287
2315
2254
2211
2172
2074
1913
1722
1578
1341
1112
921
693
430
142
-26
-321
-646
-891
-1082
-1315
-1518
-1643
-1704
-1848
-1937
-1958
-2003
-2078
-2103
-2038
-2004
-1996
-1993
-1901
-1804
-1727
-1512
-1305
-1184
-999
-740
-495
-343
-211
-82
72
203
350
542
721
920
1204
1550
1826
2026
2169
2288
2306
2283
2255
2230
2113
1946
1770
1587
1353
1086
959
759
454
170
-28
-273
-609
-859
-1031
-1266
-1491
-1590
-1661
-1790
-1904
-1877
-1889
-1991
-2075
-2052
-2024
-2033
-1964
-1891
-1795
-1702
-1485
-1285
-1161
-996
-726
-500
-323
-176
-56
58
210
389
567
709
900
1177
1503
1784
1997
2148
2275
2323
2310
2270
2218
2143
1995
1838
1666
1435
1189
1012
810
533
262
72
-137
-460
-734
-922
-1132
-1363
-1470
-1517
-1643
-1761
-1754
-1760
-1870
-1929
-1876
-1837
-1857
-1865
-1793
-1702
-1616
-1400
-1197
-1099
-947
-676
-428
-265
-132
47
190
273
428
627
783
922
1231
1559
1809
1995
2146
2282
2321
2308
2295
2285
2199
2053
1920
1751
1486
1241
1092
927
647
361
163
-90
-396
-674
-882
-1117
-1331
-1491
-1545
-1656
-1773
-1812
-1837
-1895
-1987
-1968
-1928
-1910
-1933
-1910
-1810
-1707
-1558
-1362
-1219
-1060
-841
-562
-379
-226
-78
80
233
370
536
707
887
1118
1439
1700
1909
2061
2229
2300
2282
2245
2236
2129
2007
1918
1762
1517
1266
1126
963
681
399
201
-38
-354
-608
-814
-1091
-1333
-1464
-1529
-1665
-1759
-1789
-1835
-1929
-1958
-1949
-1920
-1896
-1889
-1881
-1851
-1715
-1536
-1356
-1232
-1040
-827
-635
-414
-222
-81
41
216
374
502
664
862
1112
1386
1685
1901
2070
2236
2347
2358
2303
2263
2211
2113
1985
1843
1612
1378
1231
1082
818
533
321
90
-187
-468
-676
-887
-1121
-1280
-1376
-1521
-1645
-1698
-1677
-1749
-1869
-1905
-1878
-1839
-1853
-1807
-1779
-1705
-1568
-1371
-1197
-1136
-954
-693
-483
-318
-189
-51
110
234
381
533
694
907
1188
1519
1730
1906
2064
2227
2264
2210
2186
2198
2091
1958
1843
1655
1392
1192
1097
879
533
270
131
-132
-432
-668
-858
-1129
-1324
-1402
-1493
-1683
-1752
-1702
-1765
-1866
-1930
-1893
-1892
-1913
-1866
-1828
-1807
-1685
-1493
-1334
-1256
-1104
-852
-618
-457
-309
-157
-52
100
280
427
561
772
1025
1311
1582
1801
1985
2135
2253
2267
2233
2217
2208
2092
1945
1797
1600
1369
1176
1025
782
468
257
71
-233
-544
-772
-960
-1210
-1365
-1440
-1536
-1686
-1736
-1723
-1789
-1892
-1920
-1866
-1886
-1870
-1804
-1759
-1713
-1592
-1385
-1261
-1178
-976
-738
-562
-422
-218
-64
31
163
331
468
628
861
1127
1376
1605
1853
2003
2143
2201
2221
2206
2225
2154
1992
1865
1710
1516
1305
1126
908
634
374
176
-65
-383
-664
-849
-1061
-1285
-1415
-1519
-1645
-1731
-1759
-1790
-1879
-1935
-1907
-1884
-1905
-1909
-1872
-1850
-1771
-1617
-1452
-1375
-1248
-1006
-772
-638
-455
-273
-140
0
153
281
422
625
857
1135
1383
1631
1835
2019
2133
2210
2210
2196
2160
2116
1998
1860
1698
1477
1294
1136
917
643
417
203
-43
-335
-571
-805
-1014
-1204
-1341
-1478
-1619
-1709
-1733
-1748
-1822
-1859
-1885
-1899
-1883
-1855
-1850
-1826
-1729
-1577
-1449
-1302
-1136
-955
-757
-585
-395
-253
-124
11
198
302
426
630
860
1136
1404
1633
1815
1972
2124
2214
2198
2183
2169
2078
1950
1856
1682
1453
1281
1141
927
652
443
217
-82
-356
-578
-784
-1009
-1200
-1299
-1432
-1545
-1604
-1641
-1679
-1783
-1819
-1837
-1858
-1869
-1844
-1804
-1817
-1743
-1564
-1462
-1387
-1200
-981
-830
-673
-486
-312
-166
-57
94
223
341
525
809
1054
1274
1538
1775
1930
2073
2180
2185
2174
2172
2116
1986
1847
1713
1521
1332
1180
983
700
450
251
5
-271
-514
-697
-921
-1106
-1208
-1351
-1483
-1532
-1574
-1637
-1700
-1715
-1751
-1777
-1812
-1803
-1779
-1766
-1689
-1582
-1497
-1367
-1204
-1040
-870
-705
-516
-342
-206
-99
73
198
334
505
683
892
1150
1402
1605
1806
1966
2075
2121
2115
2138
2146
2044
1927
1820
1639
1444
1327
1167
920
646
458
230
-35
-297
-497
-684
-919
-1114
-1227
-1377
-1526
-1546
-1591
-1642
-1700
-1745
-1779
-1787
-1799
-1786
-1777
-1750
-1680
-1548
-1413
-1361
-1203
-1004
-830
-671
-500
-344
-207
-72
74
197
313
477
694
925
1156
1395
1590
1768
1924
2018
2062
2080
2104
2059
1979
1891
1736
1560
1421
1267
1057
809
604
368
125
-99
-346
-579
-801
-969
-1122
-1269
-1405
-1477
-1533
-1609
-1637
-1668
-1744
-1787
-1780
-1774
-1773
-1763
-1713
-1646
-1536
-1401
-1301
-1170
-995
-815
-632
-492
-379
-245
-100
22
155
315
447
639
867
1081
1289
1471
1677
1837
1956
1994
2028
2056
2023
1964
1887
1762
1591
1469
1349
1166
901
692
490
265
12
-207
-406
-633
-832
-964
-1101
-1281
-1365
-1415
-1483
-1541
-1577
-1611
-1658
-1714
-1726
-1726
-1732
-1707
-1662
-1589
-1522
-1428
-1281
-1124
-985
-826
-651
-513
-360
-223
-80
9
147
326
466
632
854
1085
1272
1444
1615
1736
1816
1879
1950
1950
1868
1849
1792
1634
1512
1391
1226
1001
784
597
375
125
-72
-263
-490
-703
-856
-1004
-1176
-1284
-1349
-1420
-1508
-1569
-1598
-1676
-1730
-1718
-1713
-1764
-1752
-1675
-1658
-1588
-1493
-1409
-1301
-1166
-1011
-864
-735
-595
-436
-312
-207
-68
78
219
393
606
826
999
1198
1386
1549
1696
1779
1847
1908
1911
1902
1878
1771
1668
1559
1441
1290
1093
912
722
491
261
82
-130
-320
-504
-648
-817
-1005
-1113
-1220
-1312
-1377
-1393
-1402
-1477
-1531
-1560
-1578
-1622
-1610
-1590
-1588
-1575
-1541
-1453
-1401
-1314
-1183
-1063
-942
-814
-667
-533
-430
-276
-137
-4
144
358
552
725
925
1116
1306
1463
1609
1720
1791
1820
1862
1845
1799
1729
1629
1527
1413
1249
1079
878
708
523
328
132
-74
-268
-437
-598
-746
-883
-1014
-1101
-1187
-1232
-1301
-1357
-1404
-1438
-1466
-1494
-1529
-1548
-1592
-1618
-1633
-1612
-1583
-1551
-1470
-1372
-1258
-1133
-1004
-866
-746
-628
-459
-323
-185
-10
152
319
510
685
890
1062
1240
1401
1501
1607
1654
1716
1678
1677
1652
1575
1501
1442
1359
1209
1076
917
763
574
394
226
46
-118
-274
-417
-561
-679
-760
-864
-922
-976
-1006
-1045
-1099
-1182
-1208
-1236
-1282
-1337
-1402
-1461
-1503
-1517
-1520
-1498
-1454
-1377
-1295
-1195
-1090
-961
-842
-717
-596
-433
-304
-170
-14
137
281
439
601
786
923
1075
1189
1289
1377
1455
1532
1586
1589
1542
1498
1402
1297
1247
1202
1095
960
797
611
447
311
165
32
-109
-231
-333
-434
-534
-617
-696
-774
-803
-871
-924
-966
-1030
-1096
-1162
-1235
-1315
-1395
-1466
-1504
-1539
-1553
-1531
-1487
-1443
-1353
-1255
-1134
-1008
-890
-743
-616
-491
-388
-241
-136
-36
90
218
361
474
623
763
862
942
1048
1145
1184
1179
1235
1283
1254
1228
1215
1165
1075
1015
914
809
714
596
467
355
234
139
36
-52
-131
-213
-288
-370
-417
-471
-526
-597
-660
-729
-811
-889
-953
-1043
-1118
-1189
-1250
-1305
-1326
-1328
-1324
-1325
-1266
-1201
-1126
-1035
-956
-836
-703
-585
-491
-401
-339
-270
-203
-93
9
104
185
287
399
493
607
734
815
867
923
989
1054
1091
1089
1093
1087
1053
1013
958
895
816
746
684
603
514
437
361
292
213
124
49
-38
-93
-151
-227
-297
-373
-438
-488
-581
-670
-740
-811
-884
-952
-1002
-1085
-1110
-1128
-1132
-1150
-1153
-1123
-1107
-1053
-1015
-954
-898
-820
-738
-669
-605
-543
-472
-388
-321
-251
-161
-74
17
116
202
281
380
474
552
609
703
756
790
842
882
876
867
857
814
783
737
711
669
604
549
521
478
424
370
341
290
229
171
120
66
-13
-75
-129
-198
-267
-341
-414
-468
-525
-566
-634
-674
-741
-783
-823
-848
-863
-893
-905
-902
-914
-922
-914
-896
-863
-828
-802
-766
-696
-663
-588
-545
-473
-421
-344
-258
-207
-115
-38
53
151
224
298
406
480
554
622
667
695
719
759
781
785
793
771
735
674
622
596
554
505
473
425
362
311
287
245
201
145
107
70
3
-50
-108
-171
-237
-294
-359
-403
-467
-526
-580
-654
-699
-748
-784
-829
-859
-872
-899
-896
-919
-915
-925
-919
-888
-877
-852
-832
-803
-752
-707
-660
-573
-524
-445
-371
-290
-222
-143
-43
56
140
220
320
410
476
532
571
614
637
652
672
689
683
692
681
665
655
628
604
565
546
524
485
451
383
330
293
246
216
165
115
72
8
-55
-121
-169
-220
-266
-319
-357
-401
-446
-473
-507
-553
-582
-631
-663
-702
-749
-774
-805
-809
-817
-827
-825
-816
-793
-762
-729
-689
-640
-568
-518
-464
-412
-347
-290
-221
-150
-95
-21
62
124
181
239
275
339
366
425
469
509
542
567
599
604
626
629
631
611
591
573
518
478
437
404
364
317
277
224
173
144
98
34
6
-35
-75
-102
-184
-243
-176
-272
-295
-326
-375
-386
-427
-448
-495
-524
-557
-578
-608
-610
-635
-631
-642
-646
-640
-626
-607
-604
-602
-578
-538
-524
-488
-469
-412
-371
-329
-278
-234
-170
-124
-75
-8
21
56
123
146
204
246
281
322
353
410
449
467
487
512
534
543
557
548
547
547
526
522
525
488
459
465
421
397
341
298
261
209
171
135
98
46
20
8
-32
-79
-119
-161
-197
-220
-252
-300
-347
-397
-427
-486
-504
-505
-512
-530
-545
-557
-577
-555
-560
-559
-550
-533
-498
-492
-480
-437
-426
-427
-394
-348
-337
-305
-283
-241
-216
-190
-137
-106
-51
-10
36
82
134
179
214
264
301
344
370
389
429
466
483
495
510
509
528
535
519
505
490
491
489
449
419
374
349
310
266
226
180
140
115
75
36
7
-34
-59
-94
-126
-167
-195
-225
-252
-267
-302
-342
-361
-377
-415
-447
-476
-486
-493
-525
-525
-534
-522
-501
-500
-495
-479
-461
-429
-411
-382
-350
-329
-278
-259
-228
-193
-175
-104
-74
-32
-8
16
76
99
121
165
213
265
288
319
342
378
403
409
428
440
484
476
467
455
478
437
470
406
451
378
440
338
389
216
341
-346
-1073
202
-741
-326
-360
-741
-527
-816
-868
-1434
-637
-871
-658
-587
-956
-718
-889
-487
-310
19
104
-124
-23
-405
-416
-196
-127
-43
307
-440
-253
0
-758
146
-270
-254
247
-519
-82
-69
-663
-45
-16
-280
110
-194
-321
-152
-155
-981
-883
-655
-1403
-142
-471
-787
-169
-1050
51
-96
251
1123
427
1131
273
566
1142
633
1672
1484
566
1251
403
571
1450
527
888
718
-332
256
7
-55
232
-267
-413
-625
-832
-868
-627
-683
-871
-1091
-1105
-1302
-1115
-887
-1296
-1032
-1083
-1231
-785
-1071
-997
-617
-743
-709
-495
-779
-408
-208
-176
-36
-165
-361
-295
674
358
566
335
323
721
811
1522
1054
1322
1606
1629
2249
1869
2022
2323
1908
2620
2143
1892
2348
1928
2217
1795
1499
1203
1251
1064
990
651
-41
12
-304
-266
-521
-987
-1031
-1465
-1197
-1372
-1421
-1566
-1721
-1535
-1509
-1481
-1521
-1287
-1317
-1092
-1060
-1036
-818
-856
-520
-546
-585
-585
-457
-167
-209
-182
-402
-446
-358
-240
-114
-281
-360
-495
-274
-275
-248
-216
-206
-102
-41
119
173
498
552
817
1012
1116
1490
2008
2019
1910
1969
2004
2454
2010
2401
2275
2185
1971
1662
1985
1565
1418
1235
1013
698
238
368
29
-225
-707
-851
-940
-1294
-1273
-1438
-1506
-1888
-1871
-1739
-1721
-1794
-1787
-1588
-1602
-1517
-1324
-1054
-1048
-1059
-801
-677
-746
-706
-559
-269
-455
-527
-510
-510
-420
-474
-364
-579
-713
-633
-265
-294
-370
-457
-341
-104
-46
357
441
522
629
1076
1513
1833
2085
2212
2164
2437
2701
3101
2343
2317
2696
3081
2819
1993
2044
1827
1855
1725
1550
906
-5
48
322
130
-768
-1291
-1292
-1472
-1560
-1628
-1808
-2207
-2414
-2043
-1890
-2043
-2363
-1957
-1819
-1776
-1798
-1498
-1223
-1397
-1047
-965
-841
-1059
-797
-394
-541
-689
-825
-452
-514
-602
-618
-707
-775
-877
-559
-510
-758
-829
-650
-296
-365
-323
-67
125
350
431
934
1126
1511
1664
2339
2221
2189
2699
3031
3442
1983
2594
2850
3484
3005
1965
2245
1584
2111
1842
1734
685
-342
309
324
216
-1173
-1383
-1419
-1571
-1451
-1803
-1943
-2591
-2469
-1962
-2065
-2362
-2528
-2014
-1832
-2100
-1904
-1663
-1348
-1462
-1230
-1057
-1132
-1044
-801
-470
-876
-1027
-823
-457
-517
-847
-868
-842
-830
-678
-542
-668
-934
-878
-410
-284
-417
-502
-102
149
293
435
654
943
1174
1695
1969
2140
1965
2458
3084
3073
2952
1930
2780
3024
3360
2761
1718
1957
1545
2362
1724
1119
167
-306
450
66
-313
-1375
-1688
-1518
-1690
-1585
-2102
-2368
-2568
-2444
-2123
-2370
-2366
-2333
-2126
-2003
-2092
-1726
-1534
-1333
-1404
-1364
-1146
-1152
-658
-659
-733
-978
-920
-390
-334
-536
-840
-810
-673
-523
-459
-623
-790
-810
-535
-216
-342
-477
-442
-130
220
341
474
401
775
971
1541
1638
1706
2098
1980
2613
2485
2879
2849
2119
2547
2662
3153
2626
1733
1948
1723
2048
1631
1149
666
-51
378
205
-23
-953
-1451
-1114
-1366
-1364
-1858
-1872
-2120
-2295
-1959
-2015
-1932
-2216
-2018
-1822
-1883
-1560
-1458
-1214
-1344
-1425
-943
-841
-720
-860
-762
-719
-747
-489
-522
-572
-851
-701
-529
-522
-617
-814
-632
-685
-678
-486
-516
-444
-635
-280
-48
21
222
127
512
648
1057
1271
1526
1674
1881
2119
2291
2599
2690
2723
2138
2218
2735
3064
2652
1801
1581
1850
2038
1851
1211
533
213
351
616
174
-654
-1202
-1035
-859
-1061
-1354
-1710
-1938
-1868
-1694
-1614
-1784
-2053
-1924
-1701
-1606
-1527
-1487
-1331
-1416
-1338
-1061
-971
-954
-968
-864
-750
-845
-716
-694
-682
-790
-838
-654
-654
-711
-790
-719
-695
-648
-503
-560
-526
-553
-307
-126
-46
13
133
447
496
893
980
1270
1405
1654
2151
1994
2297
2455
2896
2775
2398
2417
2678
3053
2740
2313
1901
1870
2032
1908
1629
856
441
504
544
360
-355
-796
-934
-846
-1030
-1259
-1609
-1781
-1852
-1818
-1732
-1927
-1958
-2007
-1843
-1822
-1744
-1602
-1528
-1419
-1535
-1315
-1156
-1023
-1142
-1036
-923
-861
-776
-935
-770
-795
-748
-692
-752
-697
-750
-666
-582
-617
-616
-561
-391
-364
-239
-205
-88
101
226
415
467
617
693
1134
1396
1440
1511
1758
2150
2197
2374
2351
2554
2495
2395
2463
2589
2574
2345
1960
1923
1760
1776
1640
1074
810
344
627
283
-23
-520
-914
-715
-983
-989
-1398
-1683
-1712
-1806
-1513
-1850
-1916
-1988
-1896
-1700
-1794
-1609
-1699
-1554
-1439
-1376
-1085
-1111
-1123
-1066
-837
-740
-664
-667
-739
-635
-547
-471
-414
-579
-552
-470
-375
-277
-414
-425
-363
-257
-219
-62
-70
-103
12
275
413
598
448
615
959
1203
1443
1379
1775
1803
2023
2075
2339
2431
2256
2159
2235
2561
2333
2214
1774
1888
1644
1714
1453
1143
628
476
551
278
-3
-568
-624
-897
-839
-1127
-1305
-1453
-1821
-1672
-1675
-1635
-1759
-1905
-1786
-1805
-1655
-1567
-1466
-1475
-1529
-1349
-1062
-986
-931
-1213
-940
-733
-553
-460
-797
-702
-665
-293
-343
-442
-638
-606
-293
-312
-303
-443
-501
-299
-271
-51
-130
-83
-52
89
388
266
523
504
641
898
959
1381
1400
1631
1679
1676
2018
2182
2454
2112
1884
1967
2448
2687
2130
1663
1555
1911
1984
1585
1153
633
677
705
641
153
-379
-633
-544
-588
-823
-1209
-1395
-1389
-1602
-1421
-1512
-1571
-1747
-1764
-1617
-1525
-1397
-1434
-1450
-1351
-1282
-991
-829
-903
-1101
-955
-612
-474
-511
-747
-734
-613
-368
-295
-461
-615
-614
-438
-206
-314
-517
-542
-330
-277
-169
-145
-175
-111
-32
267
312
487
409
484
795
936
1275
1212
1305
1646
1795
1929
1786
2047
2319
2191
1993
1911
2282
2262
2152
1790
1578
1665
1624
1558
1224
760
526
562
532
162
-292
-438
-614
-619
-832
-1034
-1220
-1395
-1413
-1452
-1419
-1566
-1652
-1614
-1613
-1538
-1493
-1371
-1384
-1428
-1242
-1114
-868
-884
-916
-937
-759
-562
-457
-425
-616
-551
-387
-224
-179
-374
-384
-355
-211
-102
-180
-249
-264
-145
-26
79
67
-33
90
205
418
512
573
547
651
937
1100
1330
1271
1447
1591
1863
1875
1922
2104
2101
2088
1913
2045
2269
2063
1933
1522
1656
1660
1472
1387
779
742
552
636
387
-152
-368
-561
-435
-666
-946
-1097
-1317
-1214
-1379
-1387
-1470
-1621
-1528
-1565
-1410
-1521
-1386
-1335
-1436
-1200
-1213
-936
-924
-1004
-808
-835
-510
-573
-490
-406
-564
-310
-306
-100
-209
-315
-183
-178
18
-88
-83
-142
-164
81
24
98
21
-8
235
305
379
368
433
547
595
838
781
998
999
1283
1406
1443
1689
1407
1839
1788
1952
1830
1670
1938
1898
1862
1717
1487
1545
1318
1329
1109
887
694
332
517
116
-33
-329
-590
-505
-820
-818
-1079
-1227
-1213
-1417
-1220
-1410
-1400
-1457
-1458
-1266
-1380
-1171
-1174
-1105
-1096
-1063
-749
-727
-648
-677
-705
-480
-440
-238
-215
-361
-387
-249
-14
-54
-138
-285
-189
-26
-21
0
-92
-158
-99
52
138
29
8
76
184
368
285
369
431
501
618
766
858
920
1027
1108
1447
1430
1552
1392
1665
1747
1863
1695
1580
1842
1673
1765
1406
1467
1279
1286
1018
838
714
477
317
134
-89
-305
-510
-586
-737
-985
-1001
-1241
-1170
-1363
-1383
-1426
-1469
-1373
-1485
-1296
-1343
-1263
-1164
-1118
-944
-1003
-788
-737
-603
-578
-530
-313
-332
-165
-223
-177
-60
-123
-15
28
-31
-18
-66
-1
-28
18
-56
-70
-32
-98
-14
-65
-42
-25
14
86
94
213
200
293
361
409
619
617
845
823
1013
1108
1291
1392
1292
1455
1453
1622
1606
1571
1495
1580
1495
1477
1369
1196
1207
980
934
708
559
432
243
87
-186
-312
-348
-564
-688
-876
-916
-996
-1048
-1140
-1282
-1209
-1324
-1232
-1234
-1253
-1187
-1197
-1084
-1013
-979
-856
-747
-698
-640
-639
-473
-414
-269
-273
-385
-233
-183
-35
-80
-191
-188
-116
-18
-62
-110
-209
-245
-79
-107
-86
-197
-254
-174
-69
2
-19
23
-38
200
316
384
443
383
663
783
902
1105
1026
1350
1249
1396
1467
1474
1690
1432
1635
1407
1499
1480
1359
1344
1096
964
975
790
648
379
167
122
-160
-188
-505
-499
-733
-891
-826
-1041
-1127
-1169
-1290
-1202
-1342
-1265
-1245
-1261
-1194
-1274
-1018
-1061
-986
-918
-894
-647
-675
-551
-581
-509
-347
-311
-187
-388
-313
-175
-139
-63
-239
-227
-197
-153
-88
-195
-206
-282
-209
-106
-202
-154
-277
-135
-18
-57
-37
34
124
189
222
333
473
498
604
709
858
943
1010
1166
1176
1390
1302
1318
1442
1424
1475
1284
1324
1265
1222
1176
1046
798
794
546
577
280
84
-26
-229
-283
-523
-626
-748
-899
-981
-1115
-1119
-1226
-1355
-1258
-1465
-1271
-1332
-1366
-1266
-1295
-1166
-1104
-1026
-980
-959
-783
-843
-712
-559
-532
-357
-554
-375
-293
-212
-188
-300
-256
-198
-94
-156
-214
-227
-241
-135
-100
-208
-222
-260
-198
-160
-136
-134
-155
-63
-72
-1
112
134
225
179
426
466
644
622
658
844
961
1174
1099
1206
1151
1229
1241
1475
1364
1227
1124
1143
1165
1202
876
711
604
433
460
197
96
-244
-372
-469
-535
-653
-902
-1085
-1180
-1164
-1090
-1247
-1373
-1479
-1485
-1320
-1336
-1362
-1491
-1401
-1270
-1218
-1092
-1158
-1086
-1041
-956
-782
-747
-689
-852
-647
-509
-479
-409
-624
-472
-472
-415
-345
-523
-485
-524
-472
-392
-480
-516
-619
-494
-493
-519
-425
-542
-509
-422
-438
-269
-321
-207
-185
-162
50
68
261
213
235
404
564
765
708
697
881
946
907
955
970
1051
1016
658
894
772
772
571
345
403
151
179
-67
-176
-349
-577
-519
-697
-825
-960
-1041
-989
-1160
-1177
-1214
-1221
-1166
-1319
-1115
-1118
-1119
-1002
-994
-851
-818
-756
-651
-668
-642
-493
-335
-255
-442
-315
-210
-100
-54
-167
-103
-85
20
39
24
24
-70
74
141
130
97
42
152
131
160
184
198
279
168
295
381
384
374
356
573
593
710
717
731
851
841
1090
1153
1168
1194
1153
1441
1525
1461
1436
1327
1530
1503
1512
1472
1185
1258
1175
1237
1102
790
698
578
586
412
185
91
-134
-113
-229
-244
-404
-629
-550
-607
-538
-631
-652
-665
-638
-534
-516
-379
-429
-453
-241
-159
-37
30
11
99
162
293
355
413
322
370
537
577
638
539
511
584
621
651
599
544
512
536
609
585
570
510
483
599
589
640
570
600
621
699
815
760
821
786
921
997
1021
1082
1120
1193
1235
1311
1387
1388
1448
1484
1544
1570
1565
1465
1573
1603
1481
1470
1425
1439
1361
1226
1141
1181
995
845
757
702
601
457
266
207
164
56
32
-124
-215
-179
-178
-195
-264
-267
-316
-154
-102
-167
-80
-30
71
32
88
248
213
339
271
261
437
408
500
432
416
415
473
564
418
367
308
322
421
301
274
153
163
232
183
229
149
137
192
241
327
296
312
386
377
541
551
632
666
692
754
765
947
932
945
947
980
1176
1154
1187
1178
1100
1279
1231
1180
1194
1052
1181
1046
980
878
808
821
495
699
409
341
326
55
106
-133
-173
-283
-387
-447
-636
-489
-683
-812
-748
-883
-713
-820
-910
-836
-844
-717
-783
-729
-711
-674
-494
-594
-499
-444
-479
-349
-344
-289
-286
-261
-190
-202
-124
-183
-173
-166
-198
-141
-186
-160
-167
-210
-187
-136
-109
-128
-102
-53
-18
29
87
93
144
172
239
299
386
387
465
504
560
687
662
724
820
807
892
958
944
1019
960
1052
989
1116
1067
1063
997
881
1057
980
1010
866
704
748
718
687
543
416
299
250
324
172
51
-22
-146
-107
-175
-234
-266
-399
-337
-435
-354
-399
-402
-407
-487
-363
-287
-302
-248
-333
-205
-128
-61
-38
-86
-35
13
137
122
71
76
73
128
168
178
151
125
187
188
201
207
170
157
181
188
242
222
249
204
253
324
364
401
371
429
462
530
584
567
623
599
656
742
821
800
732
798
883
984
942
931
854
1032
963
981
915
871
916
773
932
726
698
657
539
558
375
351
304
122
117
-34
-66
-66
-264
-264
-381
-390
-374
-481
-453
-574
-546
-543
-543
-525
-614
-569
-529
-473
-467
-472
-413
-378
-361
-302
-256
-209
-171
-107
-46
2
53
69
130
176
201
247
271
290
311
343
386
383
412
404
441
429
414
418
450
465
452
468
519
534
531
530
609
615
654
713
754
838
757
813
938
947
959
941
932
1083
1048
1045
966
1028
1002
994
982
868
848
837
762
831
670
608
587
542
513
401
348
243
197
138
97
62
-78
-199
-202
-243
-264
-365
-426
-497
-492
-511
-472
-508
-533
-543
-447
-397
-395
-388
-338
-271
-176
-89
-59
10
82
169
232
313
338
376
427
486
528
576
593
601
607
649
646
658
640
628
619
600
613
582
553
532
512
545
546
523
557
541
564
595
594
603
611
640
629
711
697
742
728
766
775
747
775
794
857
741
716
725
735
806
697
568
555
556
561
420
391
251
190
221
114
36
-86
-154
-145
-231
-245
-306
-391
-404
-424
-407
-442
-460
-510
-469
-428
-421
-393
-409
-401
-354
-300
-180
-194
-201
-140
-78
25
60
65
97
131
224
256
309
317
288
347
377
435
413
362
370
339
366
385
345
336
268
315
308
306
278
243
259
222
282
264
238
270
251
319
269
358
359
341
328
322
485
488
415
395
377
494
522
457
498
306
438
366
359
379
174
194
150
178
182
1
-29
-195
-187
-160
-291
-346
-497
-502
-513
-548
-586
-662
-682
-735
-707
-663
-745
-709
-741
-666
-610
-602
-559
-590
-535
-468
-416
-346
-362
-318
-276
-207
-126
-158
-126
-105
-29
44
34
63
53
83
118
142
194
184
176
208
225
240
232
208
208
211
242
235
210
203
195
253
221
232
200
203
256
201
275
207
237
250
218
327
292
282
305
253
368
295
314
271
223
272
236
243
176
97
123
56
56
-6
-98
-107
-204
-142
-241
-347
-372
-420
-345
-416
-472
-498
-548
-477
-520
-509
-543
-572
-479
-498
-432
-463
-447
-399
-409
-321
-326
-300
-279
-259
-172
-138
-92
-89
-91
12
47
78
90
76
128
151
216
191
174
203
208
258
243
228
218
222
266
256
278
259
252
302
303
329
279
243
235
259
295
271
247
215
257
276
316
272
214
234
262
290
270
214
248
181
238
193
195
173
112
101
91
107
68
-4
-5
-52
-68
-100
-185
-180
-273
-302
-344
-337
-384
-447
-444
-443
-502
-464
-519
-483
-504
-510
-470
-455
-433
-437
-376
-317
-291
-244
-199
-164
-100
-86
0
38
60
65
128
166
175
202
193
240
262
301
311
304
325
344
356
351
361
384
361
376
371
382
405
392
416
365
408
407
403
407
392
362
376
355
398
343
351
324
312
342
288
273
212
239
203
133
171
108
59
88
14
53
-33
-57
-26
-62
-40
-126
-133
-146
-136
-150
-228
-240
-272
-291
-264
-333
-352
-398
-373
-347
-349
-338
-410
-361
-338
-340
-287
-285
-278
-251
-195
-143
-149
-96
-97
-48
17
65
96
103
149
178
203
254
231
228
235
256
279
279
289
266
257
273
296
288
255
247
271
283
284
259
260
272
268
272
247
277
246
236
243
238
219
185
174
183
191
132
105
109
136
110
75
14
16
-4
46
4
-20
-61
-51
-38
-31
-76
-103
-106
-79
-89
-126
-150
-163
-158
-177
-167
-225
-219
-237
-218
-227
-232
-261
-233
-235
-226
-222
-209
-211
-210
-184
-161
-124
-115
-91
-69
-39
-7
38
77
101
126
139
166
215
225
232
267
288
294
308
325
312
309
295
312
340
338
320
282
274
278
255
273
229
229
212
220
205
136
168
154
143
97
61
79
98
94
62
14
53
-17
43
31
11
12
-65
-2
-30
-44
-82
-122
-108
-146
-166
-181
-236
-243
-282
-244
-234
-274
-271
-285
-276
-270
-260
-245
-294
-261
-259
-225
-188
-230
-207
-220
-170
-145
-128
-125
-119
-95
-68
-44
-5
2
48
60
65
130
108
132
134
163
183
236
282
239
266
264
265
305
311
276
275
268
289
274
249
214
184
221
205
188
169
149
134
123
90
103
95
99
77
42
33
24
69
28
-11
-25
8
16
-5
-60
-60
-76
-71
-97
-91
-113
-137
-136
-178
-150
-185
-212
-209
-205
-229
-233
-208
-218
-254
-281
-302
-243
-233
-275
-246
-251
-209
-186
-173
-164
-183
-159
-110
-109
-99
-128
-84
-68
-62
-27
-22
2
-36
4
42
54
49
3
69
91
104
147
114
99
133
159
148
134
129
114
116
135
99
95
95
89
95
87
78
78
67
53
28
33
23
10
0
-39
-43
-41
-38
-36
-64
-71
-86
-94
-52
-76
-68
-96
-122
-109
-110
-119
-155
-178
-161
-157
-155
-196
-229
-234
-254
-231
-252
-249
-268
-271
-246
-233
-214
-211
-215
-188
-175
-158
-149
-143
-136
-123
-92
-93
-59
-50
-38
-15
-27
16
21
41
62
74
97
88
91
102
113
110
96
99
118
89
89
76
86
72
74
62
33
43
44
59
52
31
-7
-19
-19
-1
-47
-65
-88
-93
-96
-105
-108
-162
-148
-123
-114
-113
-171
-183
-156
-139
-117
-161
-181
-204
-169
-152
-179
-192
-224
-197
-169
-172
-176
-197
-223
-205
-215
-189
-183
-201
-190
-181
-148
-147
-157
-158
-129
-106
-99
-83
-85
-81
-61
-35
-9
-10
-9
-43
-3
36
42
54
44
55
54
109
87
67
81
61
72
98
85
41
30
40
30
30
5
-25
-21
-18
-2
-18
-41
-53
-51
-39
-26
-16
-43
-67
-74
-65
-48
-40
-64
-62
-54
-84
-55
-60
-51
-85
-107
-93
-79
-82
-86
-135
-141
-138
-133
-124
-144
-163
-207
-178
-144
-144
-153
-190
-188
-117
-125
-131
-127
-143
-153
-133
-113
-111
-127
-125
-107
-105
-102
-102
-108
-107
-70
-50
-44
-39
-41
-62
-2
15
12
2
28
33
48
54
30
44
14
27
33
40
13
-11
-5
-3
-6
-16
-43
-56
-52
-65
-64
-92
-116
-103
-95
-79
-84
-101
-113
-89
-78
-73
-79
-77
-85
-49
-34
-43
-46
-47
-41
-72
-82
-91
-74
-75
-58
-95
-106
-114
-108
-96
-122
-128
-132
-110
-117
-107
-108
-101
-90
-89
-81
-84
-84
-72
-58
-76
-89
-78
-63
-54
-16
-32
-27
-1
6
33
32
37
29
31
29
21
3
26
13
28
17
10
13
16
20
3
-8
-34
-10
-19
-37
-53
-52
-56
-40
-54
-74
-58
-75
-84
-81
-87
-92
-96
-95
-92
-101
-114
-130
-127
-138
-115
-134
-141
-136
-131
-111
-117
-106
-111
-102
-93
-79
-91
-92
-94
-91
-84
-79
-69
-104
-107
-90
-88
-76
-86
-124
-129
-129
-128
-121
-150
-141
-164
-132
-107
-111
-101
-113
-93
-77
-54
-60
-39
-35
-25
-12
4
7
-9
0
-9
15
11
-16
-19
-1
-26
-30
-24
-57
-72
-85
-86
-73
-46
-71
-101
-106
-85
-84
-70
-89
-111
-102
-74
-88
-82
-70
-92
-58
-63
-54
-60
-81
-95
-94
-94
-93
-98
-113
-103
-91
-71
-75
-66
-40
-42
-30
-13
12
22
17
7
-8
35
40
22
25
25
29
8
19
19
1
-29
-22
-21
-43
-37
-39
-53
-66
-48
-59
-73
-75
-57
-47
-56
-76
-66
-46
-63
-51
-39
-57
-70
-54
-51
-59
-56
-71
-76
-56
-80
-92
-78
-76
-94
-95
-112
-111
-102
-91
-87
-109
-114
-97
-81
-65
-65
-76
-69
-58
-41
-63
-57
-70
-70
-53
-51
-43
-47
-42
-38
-50
-45
-26
-13
-1
-3
2
10
15
18
15
15
17
20
32
37
5
8
34
39
32
19
24
11
30
27
-3
9
14
23
26
21
39
19
38
36
41
31
15
29
27
32
24
13
-7
3
-4
-22
-3
-16
-10
-25
-18
-21
-17
-6
-37
-32
-36
-26
-12
9
12
-7
3
-8
-6
6
2
20
4
8
12
-9
-8
-21
-25
-30
-9
-12
-35
-35
-30
-22
11
33
34
35
67
69
70
62
56
58
56
72
38
35
35
39
35
14
32
28
21
16
-4
-17
1
-32
-30
-21
-26
-23
-21
-17
-26
-18
-12
-17
-22
-8
-5
-10
-24
-29
-31
-19
-13
-33
-19
-25
-31
-15
-16
-25
-29
-32
-36
-16
-24
-14
-23
-17
5
19
22
7
31
53
54
56
50
56
67
64
56
49
42
52
44
61
59
60
57
55
63
58
68
59
62
44
62
58
57
61
51
50
59
70
40
44
35
48
50
38
46
22
27
47
50
44
43
44
45
43
61
43
39
59
37
20
6
1
-1
14
-12
-17
-11
-19
-19
-27
-30
-14
-9
8
16
-1
24
29
31
20
30
11
7
-13
-13
-5
-13
-30
-42
-32
-33
-24
-49
-40
-54
-56
-53
-44
-30
-28
-41
-41
-41
-22
-10
-15
20
10
-10
-1
-19
-20
-14
-31
-14
6
-1
-4
1
-14
-18
-24
-42
-44
-28
-40
-44
-41
-33
-6
10
12
7
35
65
43
45
23
19
23
35
25
14
17
16
15
-7
15
12
-9
-18
2
10
6
22
17
11
26
37
41
57
69
69
63
64
79
75
82
85
84
81
79
69
51
54
54
64
55
53
60
50
24
27
19
19
41
25
26
15
16
14
26
26
25
37
34
39
47
44
51
43
39
37
24
19
14
5
-11
-14
-33
-36
-34
-27
-45
-51
-40
-23
-27
-24
-36
-40
-43
-20
-20
-33
-20
3
-3
15
20
-18
-12
-9
-7
-27
-15
-29
-30
-32
-21
-19
-39
-24
-23
-26
-24
-36
-33
-27
-39
-23
-12
-20
-29
-31
-26
-17
-31
-9
4
-1
5
-4
-2
7
-2
-16
-18
-14
-4
1
-10
-13
-23
-16
-28
-22
-21
-26
-7
-29
-11
-12
-9
-3
-10
6
15
-9
-13
-20
-18
-9
4
8
-2
-4
17
18
4
-5
-11
-25
-32
-13
-14
-10
-26
-26
-19
-32
-51
-35
-23
-13
-5
8
13
5
16
2
12
12
28
15
4
-11
-3
-12
-14
-20
-17
6
-12
-10
-30
-22
-17
-6
-10
-33
-16
-22
-28
-21
-24
-19
-7
-15
-32
-28
-29
-29
-40
-50
-35
-36
-49
-51
-63
-59
-43
-45
-55
-56
-48
-37
-49
-56
-54
-70
-66
-77
-84
-88
-93
-94
-113
-99
-97
-97
-108
-103
-82
-74
-67
-59
-59
-69
-59
-50
-41
-47
-52
-35
-44
-41
-40
-35
-36
-51
-61
-70
-41
-48
-51
-56
-57
-78
-69
-54
-66
-64
-63
-39
-50
-40
-42
-45
-50
-58
-24
-26
-28
-16
-20
-10
-4
0
-3
-17
-18
-6
-12
-25
-48
-51
-41
-44
-37
-40
-27
-12
11
22
3
7
0
-9
-3
-8
-19
-23
-22
-33
-41
-44
-53
-54
-70
-58
-45
-64
-78
-83
-70
-82
-84
-93
-100
-112
-104
-103
-105
-108
-119
-94
-94
-97
-85
-89
-60
-61
-70
-69
-79
-74
-84
-83
-82
-87
-80
-86
-75
-79
-76
-79
-75
-81
-81
-76
-67
-72
-74
-68
-59
-55
-58
-61
-73
-45
-59
-53
-51
-62
-65
-54
-56
-51
-42
-40
-41
-41
-26
-33
-25
-53
-52
-51
-56
-46
-48
-49
-41
-53
-44
-39
-59
-60
-57
-74
-55
-53
-58
-55
-53
-32
-35
-32
-37
-38
-45
-50
-31
-30
-38
-32
-39
-52
-33
-44
-40
-35
-47
-28
-29
-18
-24
-14
4
8
-1
-1
-3
1
-15
-2
-6
-5
12
7
-19
-13
-16
-30
-25
-18
-24
-42
-38
-41
-53
-55
-64
-63
-51
-49
-47
-52
-34
-50
-51
-34
-23
-21
-4
17
1
29
21
21
13
5
0
-6
-14
-23
-26
-54
-50
-41
-72
-52
-34
-47
-37
-51
-75
-68
-68
-71
-55
-66
-55
-63
-56
-43
-52
-51
-49
-55
-58
-58
-60
-55
-61
-44
-47
-52
-47
-47
-51
-59
-51
-51
-57
-37
-41
-35
-9
-21
-16
4
-1
8
22
0
-1
6
10
15
15
14
18
0
-8
-8
-17
-5
3
6
1
3
-4
3
-1
1
14
29
42
59
65
74
69
79
97
76
100
108
104
84
77
77
52
48
25
12
13
17
13
-7
-16
-2
-9
-13
-16
-17
-23
-16
-22
-9
-6
-17
-9
13
1
11
-2
-8
7
-29
-22
-17
0
-19
-25
-16
-42
-43
-32
-33
-29
-26
-16
-18
-25
-9
-3
-6
8
40
33
38
44
43
43
37
45
28
26
19
24
39
37
28
21
13
23
14
10
11
12
7
14
30
6
14
10
22
33
44
37
50
73
43
48
50
59
74
70
53
43
57
49
40
23
20
16
0
10
9
13
4
14
33
26
25
32
45
44
35
25
37
40
46
32
28
46
38
37
40
32
22
29
23
22
35
15
26
50
53
50
43
39
61
64
55
55
48
61
37
24
37
30
21
34
22
8
24
17
8
8
5
18
27
38
44
38
46
53
63
52
47
57
55
65
75
80
67
78
69
58
62
58
47
49
47
46
60
55
50
35
37
21
12
20
7
31
34
32
38
27
43
55
42
30
32
46
43
28
10
-9
0
1
-5
-9
3
-3
-20
-12
-20
-15
-7
-11
-10
14
24
27
37
40
43
61
73
60
37
28
42
14
13
13
3
12
20
22
18
10
18
25
31
49
67
67
49
53
68
74
73
83
80
80
68
60
58
48
48
40
42
43
40
50
49
59
53
48
77
66
60
48
59
43
45
28
42
50
36
57
64
59
34
59
47
41
35
43
19
20
36
13
23
27
32
25
32
21
16
11
-1
3
4
14
11
15
18
-5
4
9
-10
-11
1
-13
-16
-13
-22
-5
11
17
7
19
35
27
28
37
17
6
14
21
0
-6
-26
-18
-10
-38
-16
-33
-45
-55
-51
-61
-71
-43
-34
-26
-22
-7
2
11
17
2
15
2
11
29
16
36
26
23
20
7
-3
-25
-9
-2
1
-5
-17
-4
8
0
3
7
4
4
8
23
25
21
23
37
35
50
51
59
46
33
40
31
26
31
28
21
39
21
11
26
25
-2
-16
-7
22
12
16
20
11
37
40
32
18
19
22
40
28
31
47
42
58
66
55
57
53
50
59
48
45
42
46
47
38
43
10
15
12
13
32
5
16
15
23
16
29
34
34
34
31
54
49
39
35
22
23
27
32
16
29
21
-6
-22
-19
-41
-42
-24
-41
-28
-29
-16
-34
-19
-3
-21
-4
2
12
25
8
-5
-4
-13
-6
-16
-16
7
4
-2
-7
-15
-26
-25
-21
-19
-19
-19
-12
-28
-24
-29
-17
-12
-27
-22
-11
10
11
27
34
40
38
61
38
38
60
56
53
54
34
27
72
61
60
45
40
45
44
37
60
83
61
72
55
56
45
33
24
30
39
37
25
34
34
37
26
37
40
40
38
51
78
60
53
33
52
49
54
52
30
43
21
12
18
0
13
5
2
0
2
13
15
24
28
40
26
36
42
40
41
32
33
33
40
28
15
16
20
7
3
-4
5
4
-14
3
-2
5
25
19
25
42
20
25
23
19
26
31
27
26
37
18
38
1
-10
-5
-15
9
5
-9
1
-14
-22
-13
-35
-40
-31
-22
-11
-20
-4
-5
2
22
28
20
26
27
31
29
24
15
-2
14
-3
-8
-26
-36
-26
-25
-16
-18
-10
-2
11
2
10
14
6
32
41
46
44
47
39
28
23
32
44
29
20
13
22
18
7
25
16
18
28
27
28
16
19
11
14
17
15
3
17
10
9
13
22
49
36
42
36
37
22
51
40
35
46
36
35
20
9
8
14
-3
11
25
8
12
11
11
15
33
45
44
40
25
32
31
29
32
35
27
29
37
22
17
15
9
18
22
19
28
50
43
35
40
46
26
33
35
14
8
-2
1
3
-3
7
-13
-18
1
-4
-6
-16
-3
6
13
25
32
45
32
27
52
39
51
58
45
41
39
55
47
37
43
42
54
71
61
66
64
48
58
67
59
45
48
52
51
45
57
70
89
88
86
101
100
107
106
106
115
109
125
119
117
105
102
123
98
83
72
74
84
90
75
69
79
67
71
80
95
87
98
101
93
94
107
101
99
108
109
91
101
87
103
109
96
90
101
82
75
81
78
80
76
70
77
87
60
73
69
82
85
78
100
111
106
88
74
72
85
83
68
66
74
69
55
52
63
59
50
60
77
63
58
80
71
81
75
69
78
76
71
79
78
84
90
79
77
63
72
57
61
79
80
69
85
64
68
94
77
83
85
86
76
93
80
73
65
64
46
36
38
17
39
54
63
74
81
100
97
112
106
117
124
109
114
100
97
99
94
69
79
77
85
68
69
77
54
71
86
81
66
80
86
79
96
117
117
129
137
149
147
137
127
129
125
116
91
104
94
78
95
70
57
61
69
66
50
49
57
37
19
27
33
32
24
42
54
58
61
59
53
72
71
66
68
58
47
36
45
31
24
40
34
31
18
24
9
22
13
-7
27
33
39
41
38
69
67
61
64
67
56
35
36
28
37
37
41
31
33
21
25
29
26
24
19
25
35
22
51
47
46
59
62
68
65
63
78
98
85
76
85
95
93
86
82
106
104
90
87
84
90
95
102
102
110
115
117
109
92
93
100
105
111
104
98
78
60
77
72
78
69
61
58
62
64
55
60
66
82
64
53
55
56
65
81
82
76
74
79
81
77
84
78
56
22
28
12
22
25
1
29
40
37
29
36
30
38
54
45
57
45
35
40
42
39
40
46
50
40
59
58
46
55
63
73
70
71
77
75
71
60
63
56
42
39
21
38
34
43
30
23
30
38
37
45
48
48
55
31
16
-2
2
0
-9
-1
-3
4
2
2
16
-1
13
8
3
7
22
28
18
46
46
37
51
46
59
51
47
54
51
64
62
65
59
66
88
104
91
103
114
110
118
125
119
107
89
94
80
83
88
103
102
96
128
109
115
118
113
105
103
110
116
128
106
118
120
108
112
93
103
108
112
108
90
113
103
96
84
81
88
80
79
75
59
62
68
65
51
35
48
46
59
49
45
39
58
68
76
80
74
86
96
92
77
97
81
75
73
71
79
73
73
51
64
53
40
60
46
66
58
51
70
78
63
67
67
70
59
63
80
59
62
75
68
71
73
60
48
43
42
41
50
54
74
69
61
62
65
64
63
60
68
89
85
75
73
87
88
83
89
106
98
87
80
69
82
65
58
64
60
55
57
51
77
90
88
82
114
124
96
114
115
117
110
119
121
102
108
89
81
74
70
64
60
53
35
43
45
49
42
43
53
57
70
73
82
80
95
106
101
88
99
96
92
93
53
62
62
59
59
62
71
62
52
56
57
74
78
86
93
96
98
85
85
72
69
75
77
69
68
67
57
57
43
54
55
42
52
73
55
49
29
25
4
-8
-5
-9
-11
-8
28
20
24
25
40
45
36
42
29
43
31
41
38
40
26
17
23
15
17
2
8
26
28
35
39
48
49
43
56
66
83
95
75
76
60
53
90
77
68
55
63
66
54
48
41
54
41
52
41
42
51
53
65
67
62
81
69
70
68
57
72
63
75
82
86
82
60
67
72
77
73
62
77
68
72
65
66
67
54
45
34
44
40
38
51
75
66
63
73
88
94
70
66
68
79
76
50
55
52
37
34
17
3
22
4
-1
25
29
8
4
13
7
0
14
17
25
15
26
30
7
1
7
-4
-12
-10
-1
17
2
-1
1
5
4
-4
3
9
2
3
-13
-16
-3
12
8
-1
15
17
15
26
30
17
22
36
29
33
30
15
14
5
5
-2
-16
-32
-55
-26
-37
-22
-6
6
21
29
51
36
54
52
63
78
69
83
106
92
80
76
50
51
84
75
77
93
71
80
71
65
75
74
83
87
90
78
68
58
60
53
57
73
79
73
77
87
77
71
82
86
102
100
71
91
93
93
91
67
72
56
47
39
28
32
16
38
44
43
38
41
52
55
46
37
44
37
45
23
12
2
-1
-3
-4
-5
2
13
4
-9
1
1
5
0
5
14
12
30
41
41
27
49
52
48
57
47
33
54
54
43
42
56
68
54
71
76
71
75
76
62
52
61
47
53
46
27
44
30
28
16
28
25
19
24
-2
9
2
11
8
15
8
10
36
42
13
0
25
20
26
17
9
8
25
34
34
50
35
38
41
43
38
37
44
38
34
30
27
30
40
35
11
21
20
18
23
46
66
54
67
77
61
62
76
56
56
46
36
48
58
53
30
45
59
42
38
39
39
32
25
26
22
-14
0
11
23
-4
-8
-6
-9
-3
-17
-6
-22
-15
-15
-14
-25
-10
5
-6
-7
-12
-6
-18
-26
-19
-15
-9
-12
-5
-13
2
10
-4
0
15
26
26
15
39
40
26
36
20
5
-10
-14
-12
-30
-18
-24
-24
-23
-33
-14
-24
-25
-28
-35
-31
-23
-19
-27
-16
-19
-5
-14
-30
-39
-33
-19
-4
-7
-6
-2
-2
-4
-8
1
11
16
23
22
18
9
-6
3
1
6
-4
-2
7
-11
-11
4
4
6
20
8
23
27
11
15
7
11
22
11
20
31
36
39
23
1
16
12
-5
-1
-8
-19
-12
4
5
-1
-20
-19
-30
-29
-33
-54
-34
-27
-41
-22
-25
-55
-40
-38
-42
-26
-21
-10
-21
-20
-26
-12
4
1
-1
-8
-8
-17
-29
-40
-38
-38
-38
-26
-33
-41
-28
-24
-16
-40
-37
-30
-37
-9
-16
-27
-14
-12
-28
-27
-2
-9
-18
-3
-8
2
-8
-35
-30
-46
-56
-65
-53
-48
-56
-49
-65
-78
-82
-54
-43
-41
-19
-21
-24
-30
-28
-47
-55
-43
-40
-18
-23
-38
-35
-41
-48
-54
-45
-56
-69
-76
-83
-63
-60
-57
-57
-31
-23
-28
-17
22
37
25
30
30
31
35
26
31
27
46
38
45
42
11
22
0
-11
-6
-3
0
-45
-37
-36
-23
-22
-26
-17
-46
-33
-38
-57
-51
-59
-71
-62
-60
-63
-82
-71
-86
-108
-98
-102
-105
-116
-125
-114
-104
-112
-110
-98
-95
-114
-95
-89
-76
-49
-67
-59
-60
-64
-50
-46
-26
-37
-40
-44
-45
-48
-61
-43
-52
-49
-54
-69
-87
-97
-100
-89
-85
-64
-68
-79
-68
-75
-70
-65
-52
-54
-51
-55
-78
-85
-73
-82
-83
-96
-87
-78
-101
-108
-100
-118
-114
-94
-107
-88
-92
-104
-112
-106
-99
-104
-108
-94
-93
-85
-93
-104
-91
-84
-84
-71
-58
-70
-54
-58
-46
-47
-37
-46
-46
-30
-42
-44
-34
-40
-42
-31
-31
-25
-20
-8
-21
-20
-31
-43
-10
-33
-16
-7
13
3
-2
-7
-25
-16
-16
-20
-31
-19
-27
-41
-36
-33
-28
-20
-21
-4
-23
-21
-29
-46
-38
-37
-44
-46
-50
-58
-61
-70
-67
-70
-64
-79
-63
-67
-72
-73
-67
-65
-72
-52
-57
-43
-43
-56
-85
-77
-71
-78
-64
-68
-70
-79
-81
-71
-72
-64
-64
-68
-53
-65
-71
-82
-77
-75
-87
-94
-104
-103
-88
-87
-86
-71
-75
-65
-60
-66
-60
-69
-55
-52
-63
-76
-64
-71
-70
-82
-75
-65
-78
-62
-79
-83
-74
-74
-58
-47
-41
-42
-21
-25
-36
-48
-43
-27
-48
-39
-45
-33
-39
-33
-36
-35
-24
-31
-29
-21
-26
-26
-28
-20
-25
-27
-47
-31
-31
-51
-50
-65
-68
-75
-57
-60
-51
-68
-48
-39
-47
-33
-37
-35
-43
-32
-43
-41
-61
-56
-49
-52
-50
-56
-42
-53
-43
-68
-83
-95
-101
-88
-81
-74
-76
-84
-78
-84
-74
-50
-37
-34
-46
-62
-65
-46
-44
-51
-55
-64
-72
-67
-94
-91
-82
-79
-82
-88
-85
-92
-78
-91
-102
-95
-89
-89
-101
-105
-94
-79
-76
-71
-67
-76
-82
-61
-77
-83
-79
-100
-94
-91
-109
-119
-119
-123
-129
-115
-116
-139
-118
-94
-72
-56
-33
-18
-36
-26
-19
-11
-15
-22
-33
-39
-31
-41
-39
-37
-32
-30
-15
-28
-36
-37
-24
-40
-61
-49
-47
-47
-63
-46
-52
-46
-51
-62
-53
-49
-44
-51
-58
-50
-62
-48
-41
-42
-29
-37
-40
-20
-21
-33
-31
-44
-42
-38
-31
-27
-27
-41
-39
-45
-50
-43
-43
-49
-30
-29
-39
-29
-16
-9
3
4
10
16
-18
-26
-26
-26
-41
-57
-46
-31
-33
-37
-27
-26
-49
-73
-53
-70
-72
-70
-81
-98
-100
-82
-86
-82
-81
-53
-78
-79
-51
-38
-43
-70
-69
-79
-87
-98
-102
-105
-99
-111
-136
-150
-133
-155
-155
-152
-140
-120
-109
-109
-110
-93
-91
-86
-84
-78
-57
-55
-64
-49
-57
-45
-34
-51
-40
-29
-49
-41
-31
-33
-42
-46
-34
-28
-37
-43
-25
-25
-13
-14
-15
0
-7
-18
1
6
7
30
10
16
12
13
19
2
0
-11
-22
-55
-55
-53
-73
-78
-85
-78
-77
-66
-64
-76
-63
-49
-49
-49
-39
-38
-12
-1
-6
-6
10
4
-1
-5
-30
-5
2
-12
-12
-14
-4
-5
18
6
-2
5
-13
6
4
4
-9
-16
-21
-26
-18
-30
-42
-47
-37
-30
-28
-32
-14
-34
-29
-42
-28
-18
-35
-37
-39
-50
-44
-30
-40
-44
-63
-70
-112
-81
-69
-73
-71
-59
-57
-79
-73
-75
-73
-78
-65
-77
-71
-59
-57
-76
-80
-54
-62
-48
-40
-43
-49
-39
-36
-28
-17
-33
-28
-45
-45
-49
-60
-62
-49
-53
-62
-48
-45
-63
-55
-32
-4
7
9
21
15
31
30
35
38
29
21
22
5
3
-35
-34
-55
-73
-76
-57
-48
-57
-47
-51
-43
-51
-42
-42
-17
-17
-30
-25
-27
-32
-30
-21
-27
-10
-18
3
20
-5
3
-3
-7
-11
-23
-29
-44
-20
-52
-65
-26
-52
-59
-79
-77
-77
-72
-65
-59
-34
-44
-44
-38
-16
-21
-26
-9
-18
-8
-13
-16
-18
-31
-27
-34
-20
-18
-42
-45
-47
-54
-37
-54
-57
-55
-58
-55
-63
-48
-33
-18
-16
-15
-4
-9
-16
-22
-21
-14
-26
-4
-14
-4
-10
-16
-2
-6
0
12
27
32
38
27
39
40
33
21
31
24
44
52
32
48
40
31
20
39
23
35
22
41
45
43
37
3
14
12
3
5
10
4
-1
8
16
14
32
35
46
41
41
38
24
36
40
53
46
57
57
50
29
15
29
49
38
39
44
35
45
54
55
44
32
43
60
40
65
62
44
58
49
46
66
53
60
54
48
44
35
46
33
33
48
44
52
44
26
26
16
14
24
18
17
25
24
38
19
44
39
31
59
30
32
26
16
-1
-16
-4
-21
-23
-26
-35
-30
-51
-55
-61
-40
-29
-22
-10
-21
-6
20
33
37
41
39
56
50
49
28
30
30
30
36
35
45
51
56
36
46
52
41
46
45
34
36
47
63
50
44
65
76
76
68
64
56
72
87
78
62
78
58
50
37
42
59
59
51
37
39
55
33
36
29
38
61
54
63
64
52
46
42
44
64
74
71
75
78
80
79
49
39
26
40
58
57
61
76
77
64
78
86
80
86
94
107
89
85
89
70
55
74
71
67
72
84
97
77
81
81
77
72
78
85
72
53
45
48
32
41
35
34
27
20
20
14
14
22
40
52
38
36
29
13
7
18
21
25
39
16
18
23
34
20
7
19
21
34
42
50
72
68
58
72
72
73
68
67
66
56
55
52
47
28
38
36
41
37
36
34
47
44
53
52
64
81
84
92
105
104
107
88
76
66
51
79
75
67
43
53
49
55
61
56
79
83
87
86
91
86
96
108
103
111
109
112
122
131
150
141
133
138
154
145
142
137
117
116
108
110
110
113
114
120
113
106
117
108
91
98
114
116
133
135
133
122
144
146
151
162
170
163
164
164
152
139
110
100
98
92
96
85
96
93
97
91
109
103
119
119
98
117
107
100
105
118
105
100
94
82
95
110
105
110
124
109
122
123
130
142
137
135
134
134
113
124
112
116
98
100
109
115
122
116
113
127
142
120
127
132
122
114
102
90
95
94
86
101
73
67
53
71
82
83
72
75
81
85
96
96
113
115
108
92
105
104
97
93
83
70
79
85
97
83
79
90
96
125
117
111
113
142
143
159
161
131
148
137
130
133
141
145
152
148
156
145
120
124
116
105
87
87
78
91
75
67
86
58
55
72
55
36
40
43
44
17
21
36
8
30
32
33
43
34
40
34
37
40
49
21
23
29
30
52
48
39
57
52
37
63
61
61
69
75
88
69
54
65
84
82
101
99
107
93
90
82
93
112
111
97
89
81
75
84
71
70
79
69
63
60
42
39
50
42
39
39
61
65
61
70
50
48
47
54
49
48
57
49
58
31
59
62
47
52
47
40
32
36
36
26
28
39
37
35
33
36
47
42
37
37
30
37
23
27
36
50
46
61
65
62
76
80
63
76
78
58
59
27
22
4
1
10
-9
-13
-23
-32
-29
-41
-35
-56
-52
-46
-57
-62
-61
-42
-40
-44
-34
-43
-62
-62
-75
-73
-70
-72
-83
-88
-105
-130
-123
-129
-138
-122
-125
-137
-127
-123
-131
-128
-128
-124
-126
-142
-133
-126
-132
-127
-114
-117
-123
-136
-129
-117
-120
-116
-120
-104
-99
-85
-70
-93
-104
-103
-107
-116
-96
-100
-105
-85
-83
-86
-84
-83
-73
-71
-62
-70
-73
-82
-88
-98
-111
-97
-98
-81
-89
-91
-76
-61
-74
-67
-68
-75
-80
-66
-84
-88
-78
-74
-71
-73
-57
-66
-68
-72
-84
-87
-90
-82
-73
-77
-74
-71
-84
-70
-53
-61
-52
-42
-43
-30
-22
-42
-37
-44
-60
-47
-58
-65
-63
-72
-85
-85
-81
-105
-117
-108
-107
-110
-124
-107
-103
-127
-103
-121
-122
-127
-158
-148
-148
-151
-138
-137
-132
-154
-145
-127
-133
-141
-141
-145
-157
-157
-158
-146
-154
-158
-151
-149
-145
-139
-153
-159
-165
-178
-168
-164
-170
-162
-160
-139
-142
-129
-123
-137
-133
-151
-137
-136
-139
-129
-136
-146
-152
-153
-141
-149
-132
-136
-135
-128
-134
-107
-118
-113
-119
-125
-98
-111
-105
-92
-105
-82
-89
-90
-85
-90
-97
-92
-79
-77
-83
-71
-81
-101
-107
-109
-106
-107
-108
-94
-81
-86
-80
-71
-69
-59
-48
-27
-32
-24
-33
-39
-41
-50
-42
-33
-39
-45
-61
-61
-45
-49
-53
-53
-62
-73
-54
-62
-82
-74
-64
-67
-66
-68
-59
-72
-84
-60
-57
-62
-57
-72
-75
-72
-70
-63
-72
-74
-83
-61
-74
-86
-85
-86
-84
-109
-126
-124
-133
-107
-115
-131
-130
-127
-143
-127
-110
-139
-139
-122
-109
-133
-125
-131
-121
-121
-127
-136
-147
-140
-142
-148
-152
-143
-133
-131
-126
-108
-109
-137
-118
-114
-131
-111
-136
-127
-112
-109
-107
-117
-105
-105
-104
-103
-112
-99
-99
-99
-79
-69
-67
-78
-76
-94
-95
-93
-79
-86
-81
-73
-71
-50
-64
-60
-55
-34
-39
-14
-9
-40
-35
-37
-19
-3
-22
-17
-17
-23
4
-2
8
16
12
-9
20
34
40
31
18
33
19
31
31
26
41
32
7
21
35
38
30
12
-4
1
11
12
28
38
47
33
48
61
54
64
68
58
77
64
62
67
56
52
37
30
30
36
40
44
62
74
60
68
71
88
77
75
81
66
61
69
79
73
80
70
86
70
76
91
67
67
76
92
70
61
47
43
38
30
40
22
21
7
-9
0
-19
-24
-23
-38
-13
-25
-33
-24
-18
-28
-23
-38
-44
-59
-61
-66
-82
-56
-87
-96
-105
-102
-110
-125
-87
-81
-97
-81
-82
-77
-71
-68
-51
-29
-20
-18
-25
-20
-12
0
0
1
16
-4
-11
-15
-36
-22
-15
-17
-31
-15
-3
-12
19
17
26
24
34
47
34
52
47
38
61
60
69
77
83
82
63
60
59
65
48
37
50
46
59
54
64
74
80
82
90
90
101
119
116
121
112
105
98
108
114
126
111
104
89
90
86
78
90
65
63
51
73
88
84
107
121
130
109
111
119
117
118
108
112
91
87
98
92
105
85
81
83
91
82
66
48
64
47
58
65
54
54
60
73
76
75
77
75
45
82
72
66
73
75
73
61
66
52
50
44
40
48
40
29
26
29
53
45
17
35
45
29
56
79
85
105
101
134
126
126
157
159
166
164
173
160
152
157
140
141
154
155
142
152
161
177
179
173
206
219
219
224
232
220
225
228
212
231
212
222
228
212
214
201
209
191
203
193
193
201
203
184
165
164
163
172
182
176
167
172
163
159
161
167
152
162
173
176
158
159
163
151
152
157
155
167
162
155
140
118
129
92
92
104
114
93
96
114
111
107
110
108
133
131
109
113
126
137
124
128
101
107
101
95
89
79
86
76
88
83
81
82
81
84
99
84
75
66
46
51
44
39
25
26
26
27
24
18
21
23
28
25
46
35
36
40
14
6
15
7
5
4
10
22
1
-19
1
-4
-27
-10
3
4
2
-15
-7
-11
-11
-4
-10
-17
-35
-38
-30
-18
-26
-31
-17
-39
-18
-16
-19
-11
-12
-16
-15
-9
-8
-32
-43
-33
-53
-49
-29
-36
-44
-36
-35
-58
-78
-60
-69
-47
-53
-60
-47
-41
-49
-47
-54
-67
-56
-55
-42
-63
-88
-93
-93
-104
-90
-98
-90
-108
-116
-121
-124
-105
-116
-118
-88
-73
-116
-107
-95
-111
-119
-100
-118
-118
-126
-129
-123
-137
-139
-124
-138
-138
-122
-141
-137
-121
-125
-133
-118
-123
-124
-116
-123
-125
-126
-115
-103
-105
-100
-91
-73
-78
-94
-82
-65
-58
-62
-74
-85
-80
-100
-119
-117
-132
-127
-138
-149
-142
-151
-142
-159
-157
-157
-150
-131
-149
-145
-154
-148
-147
-155
-147
-170
-176
-180
-171
-166
-170
-162
-163
-164
-152
-135
-139
-140
-145
-146
-139
-134
-120
-131
-132
-128
-137
-142
-136
-149
-145
-135
-143
-134
-132
-154
-165
-154
-132
-141
-134
-142
-147
-147
-146
-161
-167
-158
-167
-154
-169
-195
-194
-193
-189
-195
-200
-208
-213
-202
-213
-202
-214
-201
-212
-232
-242
-243
-244
-230
-231
-237
-222
-227
-212
-213
-204
-202
-203
-204
-194
-192
-190
-195
-198
-187
-187
-182
-191
-172
-176
-184
-197
-192
-170
-177
-176
-166
-152
-158
-155
-172
-162
-140
-149
-138
-137
-120
-124
-151
-131
-134
-144
-143
-167
-179
-189
-195
-179
-205
-188
-186
-182
-181
-176
-157
-175
-174
-158
-149
-167
-145
-155
-151
-152
-146
-133
-126
-121
-113
-107
-106
-85
-94
-102
-111
-82
-84
-96
-104
-93
-96
-77
-67
-82
-75
-78
-57
-66
-64
-63
-66
-36
-55
-64
-63
-61
-66
-87
-85
-100
-92
-106
-108
-115
-115
-106
