7.732437
0.136042
-1.236684
-0.190382
-0.567056
1.479252
-0.189628
-0.033727
0.022660
0.320468
-2.283625
0.857652
5.630165
0.216346
-0.872318
-0.160299
-0.910647
3.945895
-0.731509
-0.511617
-0.002089
-0.502412
1.313532
-0.461345
9.245885
0.999369
-0.719552
-0.276449
-0.038610
-1.393758
0.311217
0.328632
-0.017481
0.483673
-1.432360
0.401086
3.773889
-0.158894
-0.139685
-0.113497
-0.535491
2.048693
-0.681217
-0.465270
-0.050186
-0.354785
1.886787
-0.524205
6.528504
0.851448
0.029916
-0.072145
-0.456824
2.794131
-0.027524
-0.331225
0.146850
0.316833
-2.248411
0.625608
6.504848
0.233243
-1.001746
-0.180808
-0.877374
3.537999
-0.619440
-0.417698
-0.037312
-0.381353
0.111768
-0.024438
7.792640
1.185035
0.412015
-0.157682
0.301762
-2.948958
0.196812
0.127334
-0.073071
0.153531
0.243141
-0.143040
4.118911
1.101258
0.201976
-0.002866
-0.819427
3.304370
-0.322722
0.010370
0.068101
0.230146
0.756484
-0.090172
8.910144
0.463352
-1.080122
-0.211069
-0.343337
0.015537
0.277836
0.239798
0.021358
0.582227
-2.376034
0.753735
6.104201
0.902285
-0.318283
-0.068302
-0.812692
4.554873
-0.140320
-0.365247
0.135190
0.026557
0.321437
-0.190316
8.740794
1.193479
-0.424775
-0.254127
-0.064815
0.015292
-0.366753
-0.212285
0.054395
0.187479
-1.659633
0.837921
2.965504
0.286060
0.300778
-0.069435
-0.342929
0.894298
-0.451865
-0.096935
-0.022907
-0.234497
1.337889
-0.314205
7.707744
0.023350
-1.293291
-0.199938
-0.675779
1.985841
-0.242812
-0.207980
0.020448
0.178609
-1.510833
0.586218
7.893939
0.118033
-1.426919
-0.232218
-0.785981
2.616633
-0.432778
-0.312762
-0.035332
-0.133525
-0.444547
0.253173
8.606989
1.226796
-0.106250
-0.233875
0.126952
-1.657723
-0.128309
-0.025143
-0.030811
0.049381
0.086718
0.089325
3.653650
0.423076
-0.026285
-0.051312
-0.789056
2.030082
-0.229222
0.004344
0.023127
0.158946
-0.421401
0.264958
6.479011
0.806749
0.316005
-0.073743
-0.308467
1.227248
0.123922
-0.118637
0.078084
0.319087
-1.918364
0.537087
6.103672
0.304854
-1.241121
-0.195513
-0.934818
4.095403
-0.870623
-0.562785
-0.028306
-0.530149
0.719150
-0.281536
6.209755
0.602342
0.358249
-0.070437
-0.170773
-0.594136
0.033771
0.039100
0.012248
0.161932
-0.836809
0.352411
3.807566
0.041258
-0.011789
-0.113565
-0.547079
2.013117
-0.616961
-0.296962
-0.015104
-0.266867
1.143459
-0.333159
5.926294
0.750722
0.107611
-0.036959
-0.587080
2.776018
0.051948
-0.208288
0.083251
0.279815
-1.426024
0.420927
4.272500
0.713804
-0.118069
-0.166836
-0.750445
3.266194
-0.530650
-0.099073
-0.096474
-0.528475
-0.510799
0.089655
8.563971
1.682602
0.487407
-0.185992
0.360305
-1.888744
0.297169
0.122992
-0.011246
0.278290
-0.743316
0.163225
3.864500
0.616031
-0.164041
-0.135659
-0.667231
2.464220
-0.832131
-0.061777
-0.006902
-0.174860
0.306812
0.069748
9.278546
0.407681
-1.433677
-0.236440
-0.514979
0.545389
0.259053
0.199679
-0.016882
0.418590
-1.821336
0.558425
5.667392
0.621815
-0.179022
-0.048358
-0.763567
3.550171
0.118076
-0.171530
0.078360
0.215525
-0.283803
0.120198
8.458219
0.815574
-0.554599
-0.215410
-0.295796
0.456117
0.141073
-0.007138
-0.000798
0.255962
-1.093649
0.289614
3.298613
0.110623
0.284528
-0.094107
-0.438699
1.162262
-0.457207
-0.105263
-0.010291
-0.131361
0.614148
-0.124920
3.260612
-0.076750
-0.296029
-0.063165
-0.666281
1.506044
-0.442857
-0.127713
0.061915
0.237814
-1.206979
0.416412
8.706188
0.254829
-1.647677
-0.273210
-0.694511
1.522729
-0.231853
-0.169335
-0.030358
0.027199
-0.529040
0.221578
5.001712
0.263236
0.430023
-0.070843
-0.095008
-0.725984
0.122822
0.049309
-0.027514
0.002867
0.467009
-0.143276
2.639222
0.198922
0.375076
-0.104681
-0.550696
0.994661
-0.547567
-0.031413
-0.001907
-0.000589
-0.146880
0.163265
