803712.317938
666542.875987
434533.243715
358391.317044
508208.950955
697424.313498
701159.072350
511357.198259
336613.796042
361714.586101
536647.119255
652864.682604
569737.813703
1670761.282701
1389536.897922
918166.959826
767056.864458
1071591.591163
1458212.954944
1463769.043128
1079154.843847
724459.846811
779517.466787
1147394.054257
1388864.922726
1213480.735565
2484319.416637
2064741.454349
1359538.373070
1133876.272299
1597658.028500
2184827.973821
2194703.558481
1614941.083998
1078460.310824
1164237.693272
1720384.429773
2082057.510743
1815700.262886
3518252.187258
2930793.107469
1930702.423203
1609162.726775
2270868.674334
3110295.029162
3129716.378476
2304178.731856
1538195.904489
1659097.809437
2456834.592856
2979828.477168
2604596.468277
4476217.415267
3732669.520066
2463038.744834
2052318.538478
2887461.175456
3949516.444757
3974551.808664
2926349.821865
1955543.664904
2107564.714779
3113003.732830
3767226.280156
3287821.484947
5415166.794250
4520723.846171
2989009.130208
2493581.136478
3501177.223104
4784156.023632
4817814.956441
3553955.225078
2380874.925267
2566991.429398
3788764.267127
4585666.181574
4007450.749057
6748422.629624
5638906.935515
3726556.087835
3107159.603176
4371331.364628
5981659.086135
6029886.312171
4446821.824492
2976374.356451
3214794.397969
4759762.518831
5771308.921223
5046157.462352
7983540.548925
6674196.863527
4408315.036103
3676309.941428
5185039.014256
7107520.306813
7169030.569179
5285330.646480
3536339.889094
3827116.738327
5683680.844825
6904884.414530
6044948.691833
9579654.828918
8014560.256362
5295562.769996
4416811.467285
6234155.711784
8553645.105868
8634587.969097
6367541.187993
4260568.088626
4611099.823066
6858518.078079
8345085.668143
7316129.203204
11343767.106928
9493913.717271
6280857.080411
5246376.025487
7402262.310873
10147288.030852
10237043.261982
7548303.303609
5061840.297305
5484777.818141
8147734.159827
9903203.387148
8681105.818113
13157106.041880
11018939.979930
7296491.383338
6097359.355821
8601368.545528
11792412.358225
11900470.102846
8781803.118743
5895896.420650
6389703.963769
9491944.399845
11539886.628256
10122083.510850
15261893.354224
12783833.985471
8456489.116956
7062201.548409
9983211.027415
13717796.399394
13856784.012803
10221379.259102
6849239.821590
7426166.760632
11068934.439417
13478776.894097
11829510.275204
17121168.738038
14345662.466993
9494194.221917
7935792.179440
11221346.142973
15415262.240390
15566847.240448
11483291.208974
7703462.876725
8362602.441019
12461638.968213
15170952.589624
13314428.691342
18902114.152364
15842793.209490
10490984.962408
8766046.995329
12382828.449242
17002427.117213
17168151.110851
12668133.578243
8499164.380400
9213770.090358
13715431.522973
16687984.922183
14648135.525343
20706115.487821
17357067.071734
11490737.691350
9600124.687536
13559353.400575
18622813.649929
18811612.532718
13877830.654705
9302163.218883
10074714.078047
15001614.415872
18265073.965288
16040550.698796
22484538.763730
18836415.835402
12453422.897060
10397047.687597
14690068.574647
20179776.469381
20375403.926363
15018226.346237
10058191.719494
10889677.183753
16216026.098540
19748626.184812
17334716.513686
24031064.192592
20120617.639081
13289441.139064
11095211.049402
15683443.217639
21547446.456170
21756431.018691
16030397.077684
10732800.838102
11623520.795777
17311288.710003
21079812.251169
18495742.935244
25365277.525987
21213136.591701
14007676.271677
11704879.763586
16535770.209950
22703135.288611
22911464.161325
16874154.327540
11306747.559955
12251324.975486
18236846.711528
22198718.051458
19484088.145031
28257867.588834
23614372.481196
15599923.884093
13051326.374287
18401391.400084
25258008.306266
25534026.987430
18839730.997587
12645662.864479
13652270.473473
20273879.779931
24707427.922354
21741420.230150
31424831.727170
26172799.828874
17217373.257868
14419682.542179
20406612.624022
28067899.201182
28404549.499467
20910247.743701
13978848.745181
15138787.149842
22582972.883488
27542202.433904
24201029.766545
60506947.565470
49850529.729689
33025671.665243
28253088.350813
39411542.645560
52809509.433241
52490580.291651
38430602.509011
26201477.196017
28701465.242361
41859579.997471
50011922.692787
43425033.334890
103954951.246908
86300603.255872
56929678.679826
48248851.004242
68098163.496463
92577453.628634
92717084.020009
67730835.082158
45500952.871149
49644555.204684
73413040.565872
88307674.392323
76564493.688568
154940327.361068
129191531.452637
85546701.508447
72440135.519524
101959644.211810
138403478.622732
138588172.176620
101246728.029136
67977852.750360
73778115.433094
108180191.876045
129275923.457144
111606124.711722
350560969.364932
291704218.748895
191491301.474116
161567154.148034
229278477.898509
310735508.675198
308385907.675884
222451641.784467
148084436.162972
161761419.277861
236470546.799987
278260607.587326
235492553.599201
634991381.287336
530139550.987646
351058320.674527
296542521.431769
416380910.743145
562424466.944654
559035167.177966
405519575.734637
271502284.939979
294432579.554381
427685090.148397
503607984.848283
427610749.487307
1155749713.358791
969547129.217162
641849440.868690
540585083.034961
765959172.312762
1045981993.752473
1049018313.447722
765667599.171036
512495582.066215
557594097.171596
821874894.643503
981634954.199973
843785437.485593
1690934627.286481
1420905937.565951
940355889.849616
790546327.413210
1124175512.008156
1543275668.150745
1555330784.659239
1139082937.763971
761557287.721383
827875160.325612
1228691554.014286
1479613512.086212
1280449894.232224
2255734999.803618
1894585979.484750
1249758994.043118
1047965690.054678
1497349331.535825
2064754800.748186
2084557807.617019
1525711237.285842
1017001659.636529
1109038850.000948
1657305552.033171
2004261550.754500
1736738310.016827
2882771712.466604
2425142608.809677
1609154059.228667
1352389197.698170
1917990914.167814
2635738013.622364
2663004241.890306
1957662509.784380
1313699183.610804
1427427615.261156
2118972176.346153
2560558660.416763
2225088844.685688
3554077954.213028
2985155196.359918
1970932626.157792
1652431356.938854
2359469970.605745
3256709489.448666
3292211869.585984
2413642070.767594
1611875700.109328
1757073923.399175
2625649626.950455
3182339765.171979
2763367993.467698
4235083382.245230
3560734574.102716
2356151895.073106
1977306754.741838
2819731540.222590
3892955030.525256
3940627094.602808
2895641338.033480
1939074025.905080
2112427974.077361
3154652616.791855
3829161040.480235
3333152705.582420
4804692785.060165
4037272274.831061
2668379924.990646
2238372901.931836
3196725260.311183
4419771441.966826
4476935106.514084
3289313335.376201
2202085652.000072
2400619149.469457
3590897244.700492
4366322206.319429
3804350512.793444
5195000396.429382
4362699276.805325
2879377513.821705
2412158650.196533
3448060083.185213
4772561366.053619
4836278644.711143
3552826549.467843
2376092211.899933
2589085193.961167
3878002811.788597
4721913801.325411
4116086863.029308
5364372552.639030
4502454517.252709
2971266204.078385
2488948327.584035
3556933782.400617
4923574718.223543
4987929376.224663
3664345540.543821
2451385169.836937
2670645188.462553
3998465809.735020
4870075470.964727
4245016244.684526
5481171936.795810
4596543634.332341
3030183856.039159
2537932010.274895
3630533750.268476
5029308223.614169
5094181242.446142
3739584625.603291
2500395381.572505
2724984096.527617
4082507881.307777
4975089708.226362
4334298620.850042
5591683315.815270
4685127014.015286
3084559021.270406
2582116109.571521
3697786192.220873
5126369488.372726
5191015844.474311
3807013544.866893
2543167749.155848
2772461238.587561
4156825669.247799
5067921841.764526
4412891375.225753
5715994727.837500
4786208434.279899
3151408665.592558
2638966531.052959
3777881098.849644
5234669747.255395
5296730690.476155
3882430376.121363
2594713690.460533
2829431115.141625
4237793788.468734
5163281899.967181
4491518644.031739
5927354503.707362
4958695879.850297
3259792078.938732
2724901095.668200
3903540941.949684
5413582811.438386
5476165068.623980
4007495106.923299
2669837811.143144
2904480908.153244
4351620468.732040
5304295016.318884
4609423950.870759
6249143367.649878
5224444640.255795
3429085967.297361
2862433661.060309
4103598468.377045
5689439706.438271
5745623064.305260
4192776478.036734
2783373157.230745
3024137811.744902
4526055222.687960
5505264493.738269
4767508680.499939
6686466771.427880
5588666434.650546
3673249138.799245
3065689621.776023
4378128137.289561
6046828949.853974
6089560672.261420
4436300114.609836
2941204867.428940
3179392090.483091
4726931107.895516
5722393147.748237
4936482631.143594
7183666602.368056
5998940637.258922
3938849818.696783
3281755035.021355
4682743306.477964
6453554444.879773
6476361038.990317
4697713649.656385
3100168360.525523
3342298325.499207
4947514105.326891
5958187453.626638
5103870347.788739
7777286437.000904
6488754594.732501
4251161077.367154
3531263757.977971
5039581375.966147
6934352937.000739
6935684256.271066
5007250961.969981
3283045233.713922
3525310628.366522
5196350010.991871
6224728637.575119
5294554391.356220
8346463800.674048
6960748204.166739
4563090765.222212
3783664090.767166
5381901803.050190
7380160219.561266
7356538439.884970
5294658589.578817
3456462021.210636
3687523970.845391
5394160650.392571
6425366828.802328
5428258111.699352
8877925164.467850
7395442901.391892
4849315791.008265
4019209244.978630
5698229657.995369
7777903591.822210
7713579971.473097
5525335714.659448
3595421046.214818
3823706164.621534
5549799325.953405
6558776408.191140
5487677826.049491
9488869422.997086
7898518654.649593
5171194199.254101
4274478418.490948
6049842385.473269
8238456545.915450
8142091318.408813
5806506729.342953
3752814984.585660
3962660837.498376
5714154177.951072
6711425332.779025
5572840400.034312
10069477386.405540
8376395739.741095
5476263716.488301
4514334541.112296
6380532482.617154
8680205630.110939
8559728027.379167
6084423599.627757
3907034663.465746
4093768084.126632
5873590004.617801
6872245048.638145
5672586482.015264
10701470689.539719
8888449180.314034
5791521432.333604
4768292053.137872
6752763334.760693
9173444307.553322
9001704002.417614
6353149016.224890
4056029588.953767
4255599871.757084
6084868582.959438
7059177816.065976
5752172665.454268
11317551512.271500
9391520955.194155
6108885670.848555
5017360444.419477
7094802829.087834
9630411270.113056
9424554774.818670
6623237705.515509
4205321708.990902
4388673963.072655
6248156845.906055
7211223119.063032
5823333876.547332
11898337489.889772
9869604737.293043
6417432754.325305
5266513754.606346
7429747492.182747
10069124637.260017
9828403181.589760
6882949516.711354
4357071087.906377
4528265481.593410
6415982795.567191
7362026081.980394
5894610649.553614
12495133384.015602
10364613962.964508
6737893602.322496
5524189058.444380
7777099997.425222
10519645458.773983
10247166681.589350
7159219439.334881
4516139811.722673
4666359180.352024
6573701557.931199
7504206666.015509
5970645441.571825
13102440960.831593
10861477667.599380
7041711170.063708
5762557926.774645
8121834252.360554
10986000157.727625
10682782549.840176
7436117860.987979
4667116954.408903
4808639373.023206
6757714567.683939
7676798291.620262
6064954419.881928
13612474942.716295
11286750467.608522
7316417630.270288
5985233904.138182
8426775257.391466
11384363177.768217
11055074292.953188
7681188103.418279
4810214650.322735
4942952572.995542
6923127033.633671
7829286137.382545
6150363609.924325
14033147886.377296
11642243298.713427
7552972641.726792
6180121449.769591
8687451323.566021
11718534305.141289
11367861031.012695
7892526855.531782
4939561718.559404
5066154038.548708
7073044509.602322
7969151228.657090
6234946435.717577
14467183828.582581
12006884627.729467
7791382062.443196
6374391558.619516
8951076535.200731
12059633595.229744
11687294560.052357
8106704809.441725
5068289179.534999
5188092216.317944
7222584950.881912
8108768320.575165
6318985573.111131
14913947760.225664
12381372172.797178
8035302461.899612
6571598163.858831
9217404808.779917
12403619956.153622
12009287941.939154
8322082957.301895
5196242987.436968
5306996734.982268
7366977338.889222
8241476854.820182
6395775514.509304
15357909679.453615
12753450510.835207
8278359005.912484
6769419077.101018
9486275958.336260
12753156591.729548
12338709921.002907
8544272235.260465
5329240060.180654
5431633177.049778
7521358078.797868
8388557433.863101
6486823259.889399
15839297108.096933
13158269631.736380
8542960759.441440
6984972355.669392
9780532570.120516
13137191540.859077
12701736646.119898
8789500755.103678
5475929616.361746
5569613145.323108
7694340815.555239
8556012445.999454
6593280431.347378
16297918357.723694
13544546394.811066
8795627029.517466
7190400374.815965
10060565973.647049
13502710800.752352
13047624705.959492
9023734068.365559
5616719444.699854
5702458235.053997
7860840666.803173
8717463084.154991
6696367222.895444
16765290285.179659
13936446216.910385
9051171313.184361
7398016231.045514
10342059717.901251
13867087623.876886
13389463098.636171
9253443979.722946
5754575277.258349
5832203778.770595
8020560058.088804
8867873807.423409
6788150466.002971
17246645012.054550
14339987921.243608
9314243997.608112
7610829952.573435
10629459882.617090
14238798783.029594
13738071635.688194
9487567405.757282
5894046411.817497
5961280571.653564
8177179005.707381
9013288980.500595
6874487242.348952
17711509081.387749
14730419769.178478
9569655529.561171
7818524458.729921
10911677598.777822
14606343878.262390
14085885510.161760
9723467202.694313
6035390705.396133
6092647066.053015
8340317346.529662
9171000120.579418
6974972644.535774
18186006694.723404
15129597934.475250
9830763534.018978
8031076081.115614
11201494152.277573
14984468690.284161
14443750929.631620
9965975871.058506
6180612477.457611
6228318135.651755
8509722014.448116
9335618507.905571
7080539877.912183
18656699681.655888
15525648519.796051
10089235036.472094
8240865123.860614
11487451195.194225
15357227508.219564
14795553945.298759
10203393585.066729
6322942991.176759
6362625126.754933
8677333553.774937
9496561648.836132
7181417032.759126
19125485283.439732
15918969747.725849
10345522086.115852
8448383882.351609
11768440008.857782
15721078160.689964
15137003564.824034
10432679892.204082
6459884805.403518
6490524332.576675
8833909429.771313
9643049358.744019
7269658949.712879
19593873938.292496
16312016548.456554
10602284557.330542
8656484580.097878
12049279092.409519
16084265833.963779
15478109102.191544
10662279459.074083
6596732972.366037
6616501874.158172
8986729977.852078
9785653962.241926
7355278296.596959
20038920153.928059
16685667110.701302
10846260088.920633
8854638612.599133
12319241231.824215
16436512398.444052
15811423628.965113
10887808584.162542
6731498701.394867
6742232177.530021
9143399959.439928
9936959027.619328
7451321643.526117
20473160371.815247
17051029483.150768
11084940713.710382
9048626747.402388
12583926830.099100
16782123983.495401
16138271918.046307
11108640725.561073
6863307118.097950
6865556556.286198
9297493198.745407
10085877377.814190
7545734484.250742
20895563301.615089
17406644192.055561
11317330960.582226
9237330014.893995
12840808886.782587
17116784973.468761
16454100121.996029
11321788149.811848
6991182681.586683
6986201694.591243
9447883037.880211
10230037289.717119
7635914564.599158
21316469543.541973
17759776177.681160
11548184969.945087
9424696645.378206
13093413621.327507
17442981056.131927
16760073450.336918
11527584014.338028
7114444726.568265
7100797768.906144
9587381625.348177
10360372524.245003
7714538379.606198
21737335965.085968
18112831679.419163
11778513398.893347
9611137356.453581
13345589059.525648
17769757506.512638
17067299070.340385
11734364368.082457
7237518185.131562
7214309024.083955
9725833466.985807
10490439440.723549
7793333786.875498
22136072864.108860
18448260282.032875
11997797084.688427
9789453595.261311
13588899912.939396
18087706185.669254
17368567479.634888
11938554685.704205
7360018965.300160
7329433770.923770
9870280420.253304
10630961140.307920
7883593938.474736
22538581200.571407
18787254306.296112
12219513653.874645
9970056775.711483
13835796538.827026
18410452997.684200
17674199662.347881
12145548884.422216
7484527058.366012
7447360849.918069
10018779012.918810
10775675668.218533
7976829410.860513
22924601672.778637
19111655548.555908
12431552346.304136
10142405219.621412
14069812415.747427
18714508187.564278
17960703937.881195
12338878717.790577
7600744191.950548
7556964298.680340
10154863970.710518
10905543006.159988
8057779656.592588
23297536586.922646
19424051633.744488
12635822817.264511
10308637617.950382
14294634965.049385
19005608889.740875
18234803275.205311
12523970564.577913
7711713544.861426
7660646713.386236
10283103092.701401
11027910456.030891
8134007421.848178
23674458587.988350
19741010320.724403
12842529005.478819
10476332103.753481
14523853845.994173
19305652514.294758
18519185316.235241
12716438872.928295
7826841705.714083
7769096707.760843
10420133624.132225
11162365348.908981
8221421604.092513
24022829925.882248
20034198124.787251
13034658005.772499
10633469534.869188
14738864977.085192
19586846746.361988
18786035050.249786
12898064037.505171
7937277799.688012
7874995769.637409
10554678908.106171
11295284812.316422
8309428634.760106
24341988886.949173
20301733877.617863
13209660840.269190
10776502734.499817
14933897207.875547
19840985483.924095
19026483998.136246
13061171624.251236
8035901269.208746
7968978652.931405
10673679174.749481
11412226494.718771
8385917663.588530
24652976966.315247
20563719566.011139
13380680795.796675
10914459254.607578
15121745904.649935
20087611231.482239
19261550116.199005
13221429285.275518
8132551738.264683
8060517939.795675
10790268529.695761
11528315718.385799
8463494072.753469
24922899965.059746
20790707386.379581
13529490002.105015
11036105211.965528
15288348521.129425
20306383563.841995
19470391613.566261
13364545922.903154
8220051920.652842
8144837360.049756
10898763942.061424
11637919454.478090
8538795039.482831
25151884547.968628
20983750798.457241
13656186380.018520
11139680476.806683
15430479245.419777
20493560402.689926
19649569337.286934
13487704273.771978
8295693030.907892
8218336673.047339
10994349892.545444
11735743682.300856
8607312587.699019
25338542048.005672
21140994097.224876
13758886066.247293
11222543439.297812
15543686152.363674
20643189637.978497
19793458685.690475
13586888897.181992
8356266066.432539
8276697094.953124
11070868683.764772
11815315562.457535
8664235320.903421
25470988983.494354
21252440378.079151
13832137458.711330
11282840128.698961
15626970798.641346
20753506384.791565
19899931688.847973
13660921292.683041
8402464590.792355
8322603730.266089
11132357290.388363
11880847538.823267
8712972183.977751
25572144433.397598
21337614849.634953
13888019893.114471
11328230961.069523
15688944542.160006
20835410231.976082
19979012903.968731
13715957637.481411
8436609326.715600
8355878297.934197
11176405338.760241
11927548654.693008
8747551304.686638
25643974971.018608
21398153271.565197
13927791031.054462
11360986984.646151
15734536372.644266
20896295910.397816
20038177821.917763
13757355423.714785
8462700618.634755
8382333844.325453
11212564762.015018
11966867102.937555
8777537551.015638
25700245786.130836
21445628915.981255
13959050134.924059
11386688047.468216
15770212038.293257
20944049958.749104
20084855569.030182
13790279455.481302
8483536443.165121
8403339535.369957
11241404645.019154
11998708070.950104
8802367366.010738
25744662332.944057
21483117779.738319
13983719862.512125
11406806767.069571
15797933261.747063
20981157026.568401
20121217832.382164
13816026449.449326
8499862144.022081
8419725950.173697
11263887561.172235
12023630582.384272
8821933036.173891
25778090755.835022
21510776323.638763
14001588626.914270
11421741935.407122
15818553279.424438
21008536800.438087
20147822113.965469
13834597005.513002
8511552155.850535
8431843703.892318
11280774709.082844
12042182780.226250
8836186020.661665
25820746974.758896
21539666026.203262
14022794530.027536
11438765859.214674
15836176164.913330
21037714842.243309
20174918630.738285
13854736494.332708
8524300504.788282
8440701032.278189
11292125821.694769
12054997897.317135
8846312076.695478
25926874529.360523
21621737694.077152
14078903602.955339
11485675995.034605
15894017812.832491
21117299822.713806
20248723295.065521
13905852534.257927
8556581897.798375
8469719321.892786
11327323404.340780
12088844930.205942
8868923386.693371
26100508902.808941
21758171924.216621
14166213140.718950
11558056710.518433
15994415451.446384
21254500941.393837
20373663166.804237
13986905359.121616
8606086397.082367
8521846514.103396
11396357064.486532
12155104673.830620
8909424313.379414
26369251768.806240
21975604918.349926
14308240517.450977
11671994244.866543
16146285102.847515
21463118231.712914
20573480736.961590
14125937948.041931
8689774796.083118
8594439911.409493
11488177056.402102
12251815915.939457
8980279083.768690
26742091017.617275
22284874710.121243
14509357107.376879
11834626400.266665
16369230404.985378
21761729403.876389
20861050463.802517
14325654297.773016
8809232694.817816
8703410350.153996
11630828992.488297
12406030595.770771
9095903690.117439
27167338005.853741
22634164736.549904
14732452148.086723
12014710664.021473
16623095957.890722
22101712389.301750
21181367539.204010
14542747176.761599
8936831437.711742
8827178355.710877
11794099094.341604
12577112197.340708
9213793294.821379
27608374804.187504
22998758044.490158
14969968960.626080
12209873383.151756
16893427396.500767
22457675424.557682
21514510931.208153
14769733402.778551
9074086880.094227
8963180187.611969
11969913719.864321
12756158408.351038
9334677226.180315
28054269149.812206
23368118775.066948
15208354778.688093
12400226878.370144
17156066301.141666
22814727811.392735
21860986090.549271
15010702029.728376
9215330716.698935
9089307359.641932
12137284563.553185
12942189737.726711
9477613096.334009
28480400573.125942
23719970866.507057
15433300593.667355
12584477069.662924
17416834206.870327
23163944178.920010
22188777668.431675
15228830340.599174
9347075460.449053
9225067852.481899
12319810517.272894
13128731863.819126
9603274170.650967
28860674550.642105
24039742781.457825
15646143641.086157
12758359721.441195
17651006424.376423
23475304810.557789
22492171210.903019
15444372418.467943
9480584789.618702
9348625199.534979
12480876335.586781
13305672399.058563
9742079214.803097
29246168942.126545
24360622723.955505
15852007738.072451
12925712762.084450
17888434510.501774
23796077422.602119
22800941193.857605
15655069769.841753
9608463787.141071
9477534083.327072
12657909035.373787
13496765863.592060
9883114301.488722
29598551426.391747
24655071415.181721
16043893942.193533
13084441767.247734
18111074731.421120
24092889585.451828
23084097579.134594
15848279559.169285
9729227107.924980
9603222356.023705
12829045945.318560
13677465709.207006
10013564957.017061
29915580367.503551
24921420561.339588
16219342987.419973
13228013481.502872
18308711513.492432
24357862934.848217
23342491391.451416
16030096897.373589
9842311345.001652
9712840829.202002
12977302421.607821
13841646648.148369
10141892423.098539
30215905119.319435
25171633891.792248
16380850608.871557
13360650764.829458
18496813423.440632
24611112140.299698
23585242215.425804
16195878625.688227
9944869506.742399
9819365468.816698
13124286651.424006
13999192944.708355
10257961043.188616
30472841352.160793
25387997515.117348
16525184337.744326
13479935156.500706
18659377615.221897
24827607643.218174
23795889548.067726
16345490844.939470
10039792804.573324
9912455609.796145
13249046158.574032
14136299576.621412
10365924974.230984
30717779121.823586
25592597344.703541
16657968112.761541
13588455218.328108
18812755808.612385
25034808686.761177
23996192813.269104
16484400238.469204
10125564640.871813
10000006676.936794
13370466225.469673
14268712906.117332
10466825120.463062
30924385715.653885
25766012543.900856
16772271936.468916
13682816728.647642
18943965239.219154
25209877714.815250
24165029325.404846
16602267509.881914
10199764287.368116
10075783729.149321
13473736914.731405
14380200969.934097
10551427329.300007
31102642410.860535
25915785100.257874
16871574959.436411
13764264321.178448
19055760386.838608
25359112594.184120
24310070725.068138
16704925640.587162
10264044376.873564
10138582533.014624
13558078235.648802
14472576821.535561
10623786481.010462
31261126347.390568
26048383361.994896
16958938729.647230
13836202390.411079
19155066280.147392
25490649208.526489
24436212260.063004
16792788443.868116
10319016674.527168
10193514882.921587
13631395944.687178
14550406337.931938
10682164337.518532
31399486631.147278
26163494090.829224
17034369006.669052
13898320822.256470
19241131235.762009
25604890667.187614
24545380600.894104
16868097439.746634
10365694054.945929
10240323596.929989
13694439047.337627
14617408654.871645
10732061075.036604
31520553447.645481
26264706518.662354
17101186056.450441
13953483016.625658
19317278159.085537
25705893301.357529
24642411791.316856
16935760587.592194
10407940973.354048
10282745398.149380
13751746223.484945
14679196451.183573
10778813966.046597
31643449554.180920
26367525420.318401
17168618455.013258
14008827780.164371
19394113033.970856
25808917243.298370
24742347037.878723
17005946428.168898
10451995076.984560
10326891560.641935
13812291787.029987
14745751978.746698
10830920639.886639
31764891257.548042
26468075922.170006
17234188765.169090
14063186895.260031
19470040349.042854
25909945586.652382
24839483039.760822
17073580852.076065
10495042890.330362
10371962667.277430
13875043200.030777
14814875054.748083
10884765772.111795
31879189065.696598
26563656333.856602
17297438028.149807
14115143988.597649
19541635605.888123
26006588687.495518
24934685265.669243
17142212758.712231
10539212613.203304
10416964350.155142
13938591328.093445
14888477672.234446
10946342215.513716
31994256986.140884
26660223436.698334
17361004529.801548
14167518715.393354
19615243652.151600
26107037732.757904
25034077400.965794
17213727038.681496
10585327657.525536
10465094694.000986
14007962531.740669
14969136543.463341
11013914919.051001
32089858569.662239
26740649256.959179
17413910619.083237
14211184865.120552
19676929070.461761
26191465691.508678
25118220725.833290
17274315431.898392
10624430629.714748
10506185859.810347
14067859005.579559
15039764476.329594
11073430879.215876
32169169000.750900
26807086519.532406
17457506407.648605
14246549345.128286
19725897688.011391
26257739726.165546
25183040679.218365
17320432629.760868
10653854518.626173
10536725989.164970
14111225084.220362
15088905936.055134
11113508721.420929
32247030005.171650
26872584988.089058
17500948513.644405
14282155315.910576
19775055803.053032
26324414293.830494
25249137884.163151
17368256558.942345
10684682034.527805
10568092357.592613
14155673972.717377
15140382199.093470
11156557531.236397
32322782822.013645
26936351786.898170
17543066476.866997
14317113046.744549
19824445233.252228
26391935418.429787
25316415655.778839
17416886922.915859
10716375303.702972
10601498820.043837
14204200139.305777
15197409950.481472
11204663510.871443
32388222183.368015
26991345370.602467
17579149087.274467
14346983270.359375
19867035643.121967
26450480556.261219
25374761964.737923
17458885368.036865
10743585406.608198
10630445338.295013
14246654315.342466
15247397962.885241
11246630245.352795
32440779597.019760
27035654578.728474
17608630634.516056
14371554618.836567
19901457447.262451
26497310386.269089
25421379612.869225
17492775329.597813
10765877520.831467
10653867872.459362
14280371851.333185
15286855765.304325
11280017406.634266
32476719734.364944
27065818794.398285
17628551215.555367
14388139383.842979
19924814615.786110
26529091307.669342
25452754150.586021
17515276892.136066
10780534266.539402
10669438781.386078
14302864151.423275
15312842132.852850
11301522531.217434
32500117229.290958
27085317444.399452
17641320108.302292
14398627862.969055
19939458852.373898
26548977224.867161
25472274257.732315
17529195620.580814
10789370425.968847
10678398772.400349
14315555462.722591
15327327548.441357
11313417494.514067
32520079834.686687
27102000657.848747
17652262241.851830
14407690761.447033
19952236953.335289
26566289790.087593
25489235252.119560
17541224745.406746
10797072204.709616
10686438792.444553
14327023563.370338
15340370324.195337
11323991729.494755
32535595804.288322
27115012844.933952
17660904462.341602
14414874329.614243
19962206653.011925
26579713753.285408
25502444824.311718
17550699794.104557
10803226835.246035
10692856554.029560
14336141426.826698
15350825535.353470
11332606590.343159
32549815571.639843
27126929893.123329
17668693685.826775
14421265492.121279
19971247056.587120
26592079717.023628
25514694397.481632
17559452618.585285
10808825097.112690
10698710573.927015
14344619340.246319
15360655205.556389
11340726468.313162
32560682893.952332
27136088759.259350
17674767071.181660
14426226201.883345
19978092643.337563
26601380667.756721
25523983109.798679
17566220193.106426
10813215440.007030
10703156706.935629
14350920463.127764
15368021433.419220
11346961799.649284
32568672604.914555
27142800394.873741
17679187307.231148
14429860030.751204
19983178779.257603
26608312682.007000
25530881513.454456
17571190688.440189
10816442197.169018
10706523181.133434
14355773318.366222
15373703603.429705
11351721247.494259
32575008433.891506
27148113086.969238
17682671430.554241
14432711405.037495
19987160461.208408
26613733540.548199
25536250577.976162
17575039838.881931
10818932163.468538
10709129859.585941
14359517752.437288
15378030013.267097
11355287649.105087
32579357656.190323
27151744200.393917
17685026929.495163
14434626447.573448
19989879457.782299
26617502118.869049
25540033773.623199
17577766019.376465
10820654970.455441
10710877008.015877
14362072150.821749
15381080709.350910
11357888457.682858
32581545318.139912
27153563190.201984
17686224171.684372
14435625337.241920
19991276477.532219
26619400318.883007
25541904050.219669
17579093559.047283
10821516712.165478
10711785305.285345
14363359387.408127
15382557611.885920
11359091147.861250
32583004302.654755
27154783568.886772
17687031568.847984
14436293436.970612
19992201720.608776
26620652866.696644
25543144873.261703
17579984113.658772
10822091294.238270
10712375312.760572
14364198273.345030
15383533206.290514
11359902268.963049
32584055490.552925
27155640204.451508
17687563058.351227
14436715794.499954
19992824083.316929
26621532606.055370
25544018604.429276
17580582104.802708
10822445876.785667
10712745654.813463
14364761298.950935
15384207264.157562
11360453941.048395
32584791351.036610
27156242649.002872
17687960568.692928
14437045080.131237
19993272494.174778
26622129833.509487
25544609108.230751
17581003467.370953
10822718143.272232
10713020818.029366
14365137874.799711
15384641070.942444
11360810924.154375
32585889931.802269
27157155621.277164
17688558187.117313
14437542543.642376
19993974201.365856
26623087445.736916
25545561468.862808
17581688150.055305
10823167053.808237
10713502225.417158
14365842383.105301
15385479410.053293
11361523904.474756
32587362049.472179
27158373846.678143
17689360089.267067
14438219061.628178
19994931183.276134
26624387815.407635
25546858242.599506
17582628144.187588
10823788942.592180
10714184491.306971
14366857184.330709
15386697225.395679
11362575900.802814
32589551484.603794
27160216874.835758
17690582638.201641
14439242076.628693
19996387871.510483
26626399077.807735
25548898238.490681
17584135733.227013
10824798239.260225
10715278458.714041
14368492338.267530
15388693621.712694
11364328303.117964
32592198442.567612
27162437172.638607
17692054434.692272
14440477536.771231
19998138948.808174
26628802177.161774
25551326122.542747
17585924598.962688
10826001277.107477
10716590771.480959
14370450585.077343
15391073227.129173
11366410794.183916
32594855686.584961
27164673140.071701
17693532068.839397
14441712995.467073
19999906179.890205
26631252345.138374
25553815121.378830
17587760969.118881
10827228936.928873
10717927924.013279
14372463482.601057
15393537931.424059
11368578364.187666
32597293432.102745
27166727114.405876
17694897555.828083
14442852992.671139
20001514072.239410
26633462677.602798
25556060763.031273
17589427982.255848
10828353644.526192
10719145226.828062
14374273373.163282
15395740918.225286
11370517345.806000
32599072218.305508
27168225501.408337
17695894433.438152
14443690533.289856
20002701440.377956
26635100217.410484
25557726750.901993
17590663581.475483
10829187162.349167
10720052950.053463
14375631295.034990
15397401387.235651
11371980220.727684
32600406545.984310
27169343817.064571
17696623860.731365
14444286390.874250
20003550893.193378
26636281166.089088
25558927204.989662
17591545437.705185
10829767547.641556
10720679559.626696
14376581436.300386
15398572935.748016
11373010341.397598
32601294272.666782
27170088002.275166
17697125862.013760
14444710572.000690
20004135688.996696
26637069543.025375
25559718292.924461
17592135161.755478
10830171818.976370
10721115036.169315
14377215505.632254
15399338086.846701
11373683039.983177
32602034562.349617
27170705515.479874
17697536654.039753
14445053416.140455
20004612511.803329
26637717898.859425
25560369157.728413
17592614571.539196
10830494337.242676
10721461802.890310
14377724704.851236
15399955262.803612
11374221648.398201
32603304943.530910
27171767818.212894
17698238109.936523
14445638651.021126
20005443490.255188
26638856418.448544
25561518141.576061
17593457663.469368
10831055432.720577
10722069059.313019
14378630303.497349
15401057153.202631
11375184323.164606
32605160950.595829
27173320645.118458
17699264011.142864
14446500361.084454
20006668966.032097
26640538738.511761
25563214147.713993
17594704772.412342
10831892784.972832
10722984311.841646
14379997878.038347
15402722173.950962
11376642885.269243
32607802897.064651
27175542149.365509
17700745870.218254
14447751177.200390
20008432061.788647
26642952990.089970
25565657148.680542
17596514534.475197
10833121454.983738
10724322720.039877
14381983437.290359
15405131406.968029
11378755841.020601
32611125676.948494
27178341708.621254
17702612462.610271
14449322690.450712
20010659967.647099
26646018044.982208
25568764114.548473
17598818120.365768
10834678193.544031
10726020217.479624
14384513780.110588
15408218556.267719
11381473727.451334
32614403612.321159
27181099290.161327
17704438593.975704
14450854579.028019
20012851411.059135
26649052334.250019
25571846720.923271
17601097788.279526
10836209956.132139
10727699003.323851
14387044896.953880
15411323015.333755
11384211292.247963
32617675442.508118
27183858959.664120
17706273109.401848
14452393679.312950
20015035988.096214
26652061536.962044
25574906516.315525
17603365174.892174
10837739492.121399
10729368147.006918
14389544867.869347
15414378662.929909
11386901621.515499
32620571741.435837
27186297571.622929
17707896271.315800
14453752901.726807
20016952723.290253
26654692731.918667
25577573582.310371
17605344347.668701
10839078989.001503
10730826685.308830
14391718470.408352
15417027691.614809
11389235041.688862
32623464086.987762
27188723462.854622
17709494579.257252
14455085422.826921
20018855133.070438
26657329837.032009
25580255832.129601
17607325019.327190
10840402094.084530
10732268828.695856
14393893683.195086
15419699030.907997
11391588832.229078
32626280131.587646
27191102422.560753
17711091142.565277
14456429617.070044
20020741743.624386
26659917699.244938
25582888099.160706
17609289749.898846
10841742132.328810
10733725312.430838
14396053342.548052
15422331901.213226
11393913788.024059
32629151906.353970
27193514546.726585
17712679357.026802
14457753087.103859
20022642738.825275
26662560047.617752
25585574098.689877
17611267793.342304
10843061248.226158
10735170449.138210
14398238654.792379
15425012504.079685
11396266227.913349
32632901536.264790
27196669870.570271
17714784203.248413
14459524551.749296
20025140349.183201
26665982695.554543
25589047076.322903
17613848734.636135
10844813340.093605
10737074047.366102
14401059528.639307
15428444254.036179
11399288331.685400
32637265220.422188
27200344205.376999
17717226011.357853
14461577896.964661
20028066641.502846
26670028183.140381
25593168952.999409
17616905280.890961
10846874860.403265
10739329156.006359
14404447615.580225
15432590856.087696
11402942067.534571
32642580951.276524
27204834116.343246
17720208631.558941
14464080188.717777
20031640543.406120
26674978403.483990
25598213959.917122
17620649164.960514
10849397921.767708
10742087180.984594
14408603841.958597
15437689676.652733
11407441116.190702
32648538266.571007
27209862641.310024
17723554502.317104
14466890770.135420
20035643878.514561
26680513045.358009
25603845870.011703
17624830540.828964
10852222463.791231
10745171982.850031
14413231389.444813
15443359374.317900
11412448025.529236
32653973859.445766
27214458855.486954
17726617005.886147
14469455529.439247
20039286787.599339
26685548984.016109
25608982018.907341
17628652129.051247
10854803522.551363
10747980139.292421
14417441565.856157
15448520227.376961
11417011172.937870
32659516672.912853
27219142041.308399
17729732872.122849
14472063553.090088
20042987170.619186
26690656952.132072
25614179625.953094
17632509627.144119
10857402936.773899
10750808322.944809
14421677613.279921
15453705086.881763
11421585240.589706
32664927694.193108
27223706483.047623
17732769756.051670
14474618109.001606
20046627428.532272
26695688498.113396
25619294037.311539
17636302359.864330
10859964030.729050
10753609723.649588
14425882950.825438
15458849498.139898
11426117763.692554
32670496060.800564
27228405008.639523
17735894848.767132
14477239470.845455
20050357289.963837
26700843087.252213
25624544922.961544
17640202705.202442
10862596006.479296
10756478359.863258
14430186593.984823
15464120158.501060
11430771216.354929
32676078392.852768
27233115061.032593
17739032333.944599
14479879005.611559
20054117968.711742
26706032262.569767
25629816898.834000
17644116754.902618
10865245866.532423
10759380581.155348
14434535249.705933
15469438481.858364
11435461681.403963
32680938311.485950
27237217416.867348
17741758487.930717
14482164404.785683
20057374298.674809
26710539414.985992
25634408587.324154
17647528759.356773
10867546020.558197
10761886050.059378
14438301223.793659
15474062315.440941
11439553126.484442
32685597853.723667
27241147447.457996
17744369522.211964
14484351017.576374
20060484891.936619
26714840020.969097
25638781504.831776
17650770386.461044
10869727006.294701
10764260210.102661
14441857904.147150
15478407910.621494
11443378803.270279
32689571744.752945
27244504053.889954
17746608474.613522
14486230993.400673
20063150062.781834
26718514553.440514
25642522828.969864
17653554619.008095
10871614239.628469
10766320328.128309
14444939139.186836
15482176476.408455
11446707778.571714
32693319563.944267
27247660240.866425
17748688873.255329
14487963185.032177
20065630087.398479
26721960080.423256
25646031249.568928
17656148253.323406
10873346360.450321
10768210120.255278
14447801635.445910
15485697781.826626
11449813913.958769
32696635228.682613
27250455930.169365
17750555073.528225
14489532781.090406
20067850160.380234
26725015478.038208
25649137237.609985
17658460374.176559
10874914625.906282
10769920070.320456
14450356804.066040
15488820582.036882
11452573115.202991
32699050962.930222
27252498124.960022
17751917976.472485
14490672339.094173
20069458517.508499
26727231856.033340
25651397275.534660
17660146000.460316
10876054096.805719
10771155319.823174
14452201788.247196
15491081446.757059
11454574279.745768
32701005623.772503
27254138033.090321
17752991755.962921
14491559433.113497
20070731741.105595
26729008478.382744
25653205660.789936
17661476301.700298
10876931058.853123
10772108854.483950
14453652699.589201
15492865876.077820
11456141752.262400
32702167926.826458
27255113903.346729
17753643570.428715
14492105959.602608
20071491940.088760
26730042353.682549
25654249064.467140
17662252280.287846
10877459116.752995
10772676860.385328
14454481229.262821
15493859489.215309
11457012133.143997
32703038566.599316
27255840436.214493
17754118756.037495
14492495574.856907
20072038303.061184
26730794298.456718
25655011887.427429
17662815864.454983
10877832331.579239
10773072903.549236
14455064661.558250
15494566615.422398
11457633784.065784
32703713232.468685
27256400824.725872
17754490711.649330
14492804945.390471
20072469806.776154
26731383936.812801
25655605442.425259
17663253220.920658
10878121789.200291
10773384851.060507
14455523515.032490
15495114260.126802
11458107330.178587
32704146132.219482
27256759796.926716
17754727105.368885
14493000764.062731
20072745030.429577
26731760900.632973
25655985765.092655
17663532577.625809
10878307819.022177
10773586957.344866
14455823004.064833
15495476197.984539
11458422468.808878
32704754065.515129
27257259960.744740
17755048972.561398
14493265373.033846
20073120226.282818
26732272527.039200
25656497700.252510
17663904142.735806
10878551802.956223
10773852382.176922
14456218076.507204
15495955981.149836
11458842908.747202
32705261035.415451
27257678251.554096
17755326292.779266
14493495011.192631
20073435074.726784
26732692147.269798
25656914098.512211
17664209617.464161
10878755579.394907
10774067493.255651
14456528715.095892
15496328086.132200
11459164945.399303
32705984849.758076
27258281961.891651
17755728872.441696
14493833822.598398
20073900332.367992
26733313226.392021
25657528745.992817
17664659077.365833
10879058664.581081
10774393581.732187
14457000568.882202
15496889017.006029
11459651632.690125
32706886575.661034
27259032417.047138
17756220438.053097
14494242372.473093
20074476340.621494
26734094466.236675
25658307781.789082
17665225370.555492
10879432953.785255
10774795834.572117
14457592378.850067
15497600724.329342
11460270966.144379
32707860885.679016
27259838011.042492
17756746524.685066
14494678535.581068
20075091283.736797
26734932461.994354
25659143738.976204
17665832786.614944
10879831873.102242
10775224263.747581
14458226587.608685
15498362617.515768
11460931447.488291
32709614870.136841
27261303195.562443
17757719852.131744
14495493808.838211
20076235229.523979
26736492518.979706
25660712791.550674
17666989330.434322
10880608319.107489
10776065194.605186
14459469734.971188
15499862194.108334
11462241579.366392
32711876898.852398
27263198419.973022
17758980209.223797
14496557476.202866
20077741706.508064
26738549501.753986
25662783640.630219
17668515745.433887
10881641581.487913
10777198639.231005
14461158645.769344
15501906570.858154
11464026057.583103
32715221825.184654
27266010098.222332
17760843035.657154
14498120573.275454
20079976300.653934
26741642462.090466
25665924865.608250
17670840950.837097
10883206076.288130
10778912431.696356
14463733696.811718
15505056070.477457
11466796907.096586
32719519756.662014
27269619600.668346
17763245762.997543
14500146209.972832
20082848707.257900
26745586044.122410
25669916924.354485
17673798772.867161
10885211794.667049
10781108404.756475
14467015428.540384
15509050536.580994
11470307813.305019
32725265807.126125
27274465175.488972
17766472026.520214
14502859022.550611
20086697189.828037
26750882484.503719
25675288611.310337
17677782721.259403
10887910599.702433
10784062874.044167
14471432348.381102
15514438517.205788
11475051770.745007
32732302590.352345
27280408943.853760
17770421358.168247
14506169242.854233
20091421439.522236
26757423038.551239
25681949520.026653
17682723887.531258
10891243330.752565
10787706479.769127
14476908633.191608
15521147853.709890
11480967898.158510
32739343130.144341
27286347163.622337
17774352967.281250
14509461672.549011
20096143099.355366
26763984022.241474
25688640900.659557
17687681304.805046
10894571818.150196
10791350725.412317
14482416289.775858
15527920356.962570
11486943080.996986
32745595595.844078
27291640505.305077
17777881238.359020
14512411319.877098
20100321814.746452
26769761786.982101
25694536359.581638
17692068519.125294
10897535257.336498
10794570373.242273
14487242711.546946
15533843742.167404
11492183800.957777
32749558969.608685
27294991410.682941
17780110475.826225
14514270646.516489
20102954448.193439
26773398492.326233
25698240619.947670
17694819054.910667
10899386950.108580
10796577273.434589
14490245096.445080
15537517217.851845
11495421562.917650
32751521954.098541
27296643242.400494
17781202639.769676
14515176754.594976
20104238156.677879
26775176729.007992
25700054048.143356
17696163451.467823
10900286864.662441
10797550770.653641
14491706670.177389
15539313502.812935
11497007734.244425
32752311464.451687
27297302754.331181
17781635430.718674
14515527881.036959
20104724554.614002
26775845160.105671
25700729431.000072
17696659442.015965
10900611661.961130
10797890610.545479
14492210423.642935
15539926325.658180
11497543995.065588
32752535042.276428
27297479716.323891
17781749100.671253
14515623367.510910
20104855617.111294
26776019757.193050
25700895320.597733
17696778393.468697
10900690078.072697
10797976548.423916
14492337014.183556
15540073668.745981
11497668980.097416
32753657079.783703
27298408930.774811
17782362311.139740
14516139402.655464
20105578917.031487
26776998124.773556
25701873614.387775
17697494629.897545
10901173308.270170
10798502437.075109
14493107992.748915
15540989341.518026
11498461163.831347
32755155867.144596
27299660590.272934
17783199101.228214
14516848390.652063
20106569505.686470
26778344211.680443
25703229290.750130
17698499317.999542
10901856157.575830
10799243168.391973
14494203766.987858
15542312895.193480
11499621779.489706
32758292599.004402
27302291701.971207
17784942388.217178
14518314409.043301
20108658135.871063
26781221519.587334
25706144711.667526
17700653646.973885
10903305455.374367
10800825719.365301
14496576273.530453
15545211115.871187
11502168467.612278
32764320104.713554
27307354099.718277
17788300307.331127
14521143434.267157
20112691098.010899
26786773116.161537
25711763329.284336
17704798976.828762
10906097387.055107
10803883122.645351
14501149918.872345
15550770911.985851
11507031194.348896
32771388656.492908
27313337917.234158
17792298350.070930
14524502656.654428
20117452130.188072
26793339183.993694
25718447610.112633
17709774422.902508
10909469801.807922
10807562022.530354
14506654910.054193
15557503525.100229
11512976251.952822
32778322738.223045
27319200808.694477
17796192062.177261
14527760266.782206
20122109843.506943
26799806163.987305
25725050618.069157
17714677397.772984
10912768380.230894
10811163951.270081
14512090206.843525
15564186212.569351
11518882281.987480
32783655553.020596
27323705608.975273
17799180458.875023
14530258753.547455
20125676548.437218
26804753170.324963
25730096310.601196
17718420821.334671
10915283760.898813
10813906042.017019
14516222428.456678
15569260516.355469
11523362494.953773
32786294405.043049
27325935512.660412
17800665307.902706
14531485685.008442
20127385750.903236
26807099057.968342
25732486523.633926
17720200843.387695
10916479279.689281
10815176536.846312
14518098039.972027
15571547165.954405
11525381550.740559
32787043599.372269
27326558512.463211
17801071572.415279
14531819207.805477
20127857477.676575
26807749751.008045
25733144216.004089
17720681976.202148
10916794729.999588
10815513694.037153
14518600362.213650
15572158722.009411
11525914058.543938
