1.011813
-0.455479
0.015099
0.306255
0.241732
0.005894
-0.080435
-0.102290
0.081628
-0.155395
0.128322
-0.027228
0.980916
-0.449642
0.086371
0.194487
0.329617
-0.087446
0.018980
-0.144627
0.033780
-0.064083
0.114762
-0.040778
0.957985
-0.424254
0.053657
0.226844
0.343991
-0.084364
0.042976
-0.174291
0.051845
-0.078811
0.085622
-0.028316
0.980883
-0.444825
0.051984
0.242748
0.335652
-0.089081
0.038134
-0.167549
0.047296
-0.077973
0.078906
-0.021203
1.001251
-0.460327
0.053425
0.236643
0.331633
-0.076123
0.018290
-0.156430
0.057349
-0.079053
0.068199
-0.020666
1.011297
-0.474345
0.067533
0.225603
0.324691
-0.077275
0.025813
-0.170710
0.069518
-0.075891
0.070637
-0.021536
1.023823
-0.483610
0.066133
0.234079
0.307902
-0.072398
0.020372
-0.170861
0.075007
-0.077316
0.077623
-0.023759
1.022449
-0.481816
0.067365
0.232877
0.316275
-0.086576
0.022094
-0.169350
0.069386
-0.078066
0.084911
-0.020712
1.024639
-0.482021
0.067623
0.232927
0.319980
-0.090873
0.013532
-0.159872
0.060726
-0.076271
0.087188
-0.017522
1.015971
-0.470683
0.059515
0.242020
0.323458
-0.086998
-0.006926
-0.138700
0.042224
-0.074975
0.085698
-0.010134
1.018837
-0.471430
0.057048
0.241571
0.330639
-0.100950
0.000836
-0.137839
0.038339
-0.072175
0.087505
-0.011177
1.016069
-0.467905
0.061743
0.226457
0.351641
-0.112596
0.003379
-0.138425
0.028925
-0.055596
0.070562
-0.002022
1.015168
-0.468769
0.064037
0.227826
0.356528
-0.122087
0.006190
-0.138339
0.028758
-0.064780
0.081096
-0.002851
1.024336
-0.474413
0.057752
0.235661
0.356035
-0.126249
0.007885
-0.136278
0.024700
-0.056487
0.065459
0.003989
1.030632
-0.487333
0.075081
0.223411
0.359704
-0.118463
-0.003965
-0.134349
0.029900
-0.064767
0.065666
0.006840
1.038421
-0.500762
0.087544
0.211796
0.366072
-0.127850
-0.002999
-0.123153
0.030405
-0.079884
0.089484
-0.007378
1.035612
-0.506967
0.101450
0.201097
0.361184
-0.112388
-0.008300
-0.123699
0.032913
-0.079425
0.089918
-0.010020
1.008321
-0.481166
0.099528
0.196835
0.356744
-0.086603
-0.035125
-0.110930
0.015825
-0.064449
0.080889
0.001124
0.984293
-0.475368
0.121663
0.174638
0.348752
-0.029755
-0.075352
-0.087089
0.002800
-0.060584
0.078685
-0.002270
0.927139
-0.437925
0.137019
0.160270
0.326725
0.048260
-0.102615
-0.100885
-0.002679
-0.036803
0.053739
0.007717
0.813501
-0.346487
0.133081
0.236999
0.272892
0.072079
-0.115759
-0.122446
-0.061757
-0.037143
0.074289
0.052077
0.861610
-0.401706
0.155617
0.227986
0.319425
0.093719
-0.134349
-0.091592
-0.081195
-0.038807
0.014013
0.049418
0.902597
-0.455202
0.154784
0.249264
0.345096
0.128632
-0.147571
-0.076068
-0.059019
-0.079069
-0.047250
0.053950
0.954138
-0.509574
0.131149
0.304507
0.327012
0.123487
-0.129576
-0.063327
-0.060462
-0.076295
-0.104933
0.065982
0.974377
-0.509563
0.127109
0.274901
0.356167
0.087275
-0.135439
-0.046163
-0.053609
-0.082910
-0.083299
0.053725
0.995010
-0.542725
0.138746
0.276091
0.386593
0.095714
-0.155383
-0.019940
-0.078416
-0.071526
-0.122507
0.071564
0.991404
-0.549559
0.143682
0.273287
0.398853
0.118237
-0.171560
0.001833
-0.089101
-0.079124
-0.123787
0.063238
1.000906
-0.542083
0.133357
0.254397
0.415819
0.083544
-0.161633
0.002687
-0.075005
-0.085241
-0.093448
0.046882
1.013814
-0.541525
0.132227
0.226426
0.425455
0.065655
-0.171436
0.016180
-0.052471
-0.108993
-0.047291
0.022396
0.980395
-0.503309
0.101701
0.242994
0.438342
0.065813
-0.160464
0.019172
-0.051270
-0.133211
-0.022083
0.002935
0.962639
-0.484774
0.092864
0.231290
0.468452
0.065460
-0.168297
0.036177
-0.051029
-0.154115
-0.005707
-0.010680
0.946937
-0.468581
0.088279
0.224878
0.470203
0.071497
-0.176504
0.050592
-0.052859
-0.168035
0.026022
-0.029448
0.961900
-0.474413
0.085043
0.218322
0.459024
0.048933
-0.166017
0.058682
-0.053033
-0.164487
0.059293
-0.049994
0.950541
-0.455967
0.073114
0.213575
0.474675
0.018403
-0.138907
0.045476
-0.037524
-0.186870
0.094978
-0.068571
0.929306
-0.437182
0.066991
0.210464
0.486396
0.017293
-0.132081
0.049900
-0.040784
-0.198772
0.114102
-0.083126
0.919434
-0.424580
0.059495
0.210728
0.492212
0.009883
-0.129248
0.054240
-0.042765
-0.206169
0.129237
-0.090308
0.904431
-0.404423
0.044315
0.220084
0.494067
0.007700
-0.126334
0.053339
-0.039339
-0.219743
0.144124
-0.096841
0.902259
-0.393914
0.025290
0.229963
0.505988
0.004902
-0.135015
0.067572
-0.039447
-0.234362
0.144382
-0.098123
0.909759
-0.396460
0.006223
0.250173
0.522526
-0.003938
-0.139793
0.077922
-0.032016
-0.261998
0.136194
-0.092141
0.919319
-0.400017
-0.013556
0.281888
0.516164
-0.005301
-0.143061
0.081527
-0.031827
-0.271978
0.115762
-0.077641
0.929844
-0.394345
-0.049462
0.312122
0.528419
-0.027396
-0.144352
0.090039
-0.015279
-0.309302
0.118847
-0.073375
0.947363
-0.394250
-0.087512
0.347961
0.531582
-0.049954
-0.145408
0.097927
0.001355
-0.342144
0.118206
-0.064998
0.958470
-0.389066
-0.120961
0.375585
0.536308
-0.076594
-0.139844
0.103421
0.019394
-0.381061
0.136464
-0.068150
0.966510
-0.388002
-0.132143
0.390102
0.526182
-0.093898
-0.134137
0.102548
0.021325
-0.388828
0.144949
-0.066640
0.980892
-0.395328
-0.143548
0.402515
0.527194
-0.111475
-0.131167
0.102952
0.029733
-0.403062
0.140911
-0.057397
0.987924
-0.397319
-0.154073
0.403547
0.545071
-0.135386
-0.125338
0.111065
0.035443
-0.423808
0.149185
-0.059182
0.991601
-0.398610
-0.162091
0.407835
0.555911
-0.153594
-0.121722
0.120976
0.034173
-0.437129
0.155810
-0.060956
1.004659
-0.403042
-0.168123
0.396252
0.579490
-0.187104
-0.123958
0.145884
0.028612
-0.450005
0.173919
-0.068533
1.012216
-0.406152
-0.168709
0.383745
0.599428
-0.206000
-0.132777
0.167756
0.020726
-0.455751
0.179780
-0.069667
1.019617
-0.414990
-0.166488
0.383516
0.600917
-0.212323
-0.131713
0.170901
0.022392
-0.463094
0.180671
-0.068331
1.025685
-0.425044
-0.160481
0.379927
0.601419
-0.210469
-0.133995
0.172222
0.023997
-0.463528
0.171363
-0.062903
1.030640
-0.431736
-0.157886
0.378812
0.602286
-0.209865
-0.136512
0.173986
0.025343
-0.465124
0.164984
-0.058813
1.037426
-0.438132
-0.158246
0.381427
0.602024
-0.213935
-0.136929
0.176560
0.025734
-0.467911
0.163656
-0.056645
1.044800
-0.446488
-0.156515
0.383760
0.599280
-0.216965
-0.135511
0.177555
0.025606
-0.468343
0.161446
-0.054706
1.053293
-0.456645
-0.152850
0.385948
0.592446
-0.217981
-0.133274
0.176973
0.024799
-0.464957
0.157606
-0.052577
1.056668
-0.462700
-0.149888
0.386869
0.588880
-0.215745
-0.131401
0.175140
0.024545
-0.461889
0.150993
-0.049999
1.061244
-0.469039
-0.148504
0.388786
0.587706
-0.216594
-0.130206
0.175650
0.024277
-0.462135
0.147047
-0.047858
1.067514
-0.476098
-0.147950
0.391375
0.586486
-0.220011
-0.128806
0.177583
0.023884
-0.463696
0.146282
-0.046954
1.074071
-0.484996
-0.143744
0.392910
0.580663
-0.220339
-0.126180
0.176390
0.022725
-0.460239
0.142689
-0.045196
1.080942
-0.493838
-0.139784
0.394339
0.574951
-0.221261
-0.123366
0.174925
0.022163
-0.457233
0.139492
-0.043446
1.084130
-0.499411
-0.137290
0.395700
0.571649
-0.219806
-0.121452
0.173635
0.021612
-0.454986
0.134813
-0.041656
1.087900
-0.504993
-0.135806
0.397590
0.569948
-0.220614
-0.119538
0.173596
0.021256
-0.455126
0.132451
-0.040535
1.094038
-0.512082
-0.134367
0.399788
0.567733
-0.223794
-0.117686
0.174683
0.020724
-0.455763
0.132268
-0.039909
1.100374
-0.520104
-0.130711
0.401252
0.562470
-0.224671
-0.115543
0.173646
0.019988
-0.453149
0.129906
-0.038352
1.105195
-0.527001
-0.127057
0.402291
0.557690
-0.224348
-0.113346
0.172035
0.019288
-0.450179
0.126537
-0.036673
1.107608
-0.531027
-0.125233
0.403332
0.555163
-0.222964
-0.112397
0.170927
0.019065
-0.448404
0.122537
-0.034809
1.110982
-0.535410
-0.124146
0.404714
0.554075
-0.224112
-0.111413
0.171190
0.018815
-0.448665
0.120938
-0.033632
1.115787
-0.540788
-0.123064
0.406445
0.552384
-0.226636
-0.110286
0.172174
0.018292
-0.449138
0.120907
-0.033002
1.119986
-0.546669
-0.119542
0.407065
0.547910
-0.226081
-0.108786
0.170661
0.017616
-0.446116
0.118035
-0.031403
1.123703
-0.551926
-0.116803
0.408076
0.543967
-0.225756
-0.107096
0.169362
0.017024
-0.443742
0.115548
-0.030123
1.126183
-0.555403
-0.115729
0.409179
0.542615
-0.225952
-0.106306
0.169284
0.016682
-0.443247
0.113647
-0.029057
1.129131
-0.559087
-0.115012
0.410515
0.541887
-0.227292
-0.105545
0.169918
0.016322
-0.443797
0.112972
-0.028362
1.132431
-0.563466
-0.112987
0.411354
0.539339
-0.227584
-0.104457
0.169360
0.015828
-0.442350
0.111227
-0.027274
1.133898
-0.567108
-0.109476
0.411307
0.535018
-0.224194
-0.103200
0.166394
0.015431
-0.437986
0.106184
-0.025280
1.136861
-0.570710
-0.108378
0.412411
0.533596
-0.225162
-0.102522
0.166541
0.015097
-0.437835
0.105405
-0.024452
1.138414
-0.573241
-0.107374
0.413146
0.532635
-0.224965
-0.101858
0.166290
0.014803
-0.437300
0.103768
-0.023663
1.138921
-0.575368
-0.105149
0.413094
0.530224
-0.222374
-0.101112
0.164326
0.014498
-0.434437
0.099914
-0.022192
1.142997
-0.579238
-0.104490
0.414284
0.528863
-0.224831
-0.100704
0.165250
0.014253
-0.434856
0.100811
-0.021815
1.143777
-0.580734
-0.103647
0.414592
0.527978
-0.223952
-0.100487
0.164645
0.014285
-0.434077
0.099018
-0.020973
1.145180
-0.582378
-0.103326
0.415182
0.527689
-0.224542
-0.100293
0.164924
0.014165
-0.434249
0.098714
-0.020598
1.147778
-0.584802
-0.102798
0.415884
0.526673
-0.226055
-0.100051
0.165399
0.013971
-0.434293
0.099372
-0.020382
1.148014
-0.585460
-0.102285
0.416018
0.526206
-0.225471
-0.099901
0.164959
0.013921
-0.433717
0.098418
-0.019973
1.149090
-0.586623
-0.101805
0.416268
0.525501
-0.225799
-0.099692
0.164878
0.013806
-0.433346
0.098332
-0.019771
1.149373
-0.586996
-0.101700
0.416418
0.525444
-0.225829
-0.099663
0.164872
0.013788
-0.433309
0.098155
-0.019643
1.149667
-0.587343
-0.101610
0.416562
0.525348
-0.225896
-0.099637
0.164891
0.013762
-0.433284
0.098092
-0.019568
1.150182
-0.587836
-0.101480
0.416694
0.525156
-0.226178
-0.099580
0.164959
0.013726
-0.433258
0.098226
-0.019539
1.149986
-0.588717
-0.099499
0.415420
0.524496
-0.224524
-0.099322
0.163365
0.014304
-0.432106
0.096661
-0.019026
1.136674
-0.570309
-0.104479
0.400574
0.550194
-0.235655
-0.096352
0.161296
0.012688
-0.425983
0.085641
-0.013985
1.124413
-0.555523
-0.105091
0.385043
0.571153
-0.240633
-0.095155
0.156559
0.014015
-0.420562
0.073691
-0.008405
1.113110
-0.542240
-0.106623
0.373288
0.587940
-0.244042
-0.093821
0.152828
0.014720
-0.416194
0.064119
-0.004443
1.102860
-0.530001
-0.108140
0.360363
0.607767
-0.251577
-0.090670
0.150594
0.014630
-0.413066
0.056696
-0.001762
1.099729
-0.528501
-0.106470
0.356633
0.612417
-0.253661
-0.085604
0.146516
0.015371
-0.411634
0.053950
-0.001652
1.096109
-0.527211
-0.106240
0.354758
0.617290
-0.260338
-0.072637
0.137931
0.020074
-0.415089
0.057129
-0.005740
1.092528
-0.526196
-0.105201
0.352265
0.622296
-0.266457
-0.059805
0.128233
0.025534
-0.418238
0.058989
-0.008907
1.089707
-0.524099
-0.104300
0.347012
0.631093
-0.272482
-0.054192
0.124649
0.028041
-0.420583
0.059223
-0.009555
1.088253
-0.523220
-0.103285
0.342833
0.638154
-0.277406
-0.051169
0.123570
0.029477
-0.423069
0.060390
-0.010317
1.087735
-0.522973
-0.102574
0.340458
0.642345
-0.280424
-0.048836
0.121702
0.031131
-0.424591
0.060298
-0.010087
1.087705
-0.523091
-0.102589
0.339880
0.644335
-0.281390
-0.048749
0.121789
0.032016
-0.426337
0.060826
-0.010141
1.087553
-0.522758
-0.102889
0.339107
0.646965
-0.282893
-0.048933
0.122497
0.032195
-0.427515
0.061073
-0.010023
1.087582
-0.522617
-0.103054
0.338443
0.649222
-0.284432
-0.048733
0.122774
0.032335
-0.428339
0.061119
-0.009763
1.087351
-0.522250
-0.103222
0.337666
0.651560
-0.285817
-0.048468
0.122703
0.032836
-0.429240
0.061006
-0.009455
1.086979
-0.521653
-0.103260
0.336467
0.654416
-0.287805
-0.047471
0.121861
0.033473
-0.429724
0.060384
-0.008841
1.086670
-0.520923
-0.103959
0.336359
0.656237
-0.289419
-0.046249
0.120681
0.034124
-0.429846
0.059410
-0.008099
1.086485
-0.520326
-0.104645
0.336440
0.657559
-0.290649
-0.045467
0.119964
0.034576
-0.430046
0.058804
-0.007571
1.086086
-0.519506
-0.105324
0.336417
0.658833
-0.291731
-0.044614
0.119054
0.035006
-0.430018
0.057954
-0.006947
1.085620
-0.518926
-0.105661
0.336624
0.659047
-0.291820
-0.043885
0.118031
0.035087
-0.429202
0.056590
-0.006274
1.084729
-0.517978
-0.105836
0.336522
0.659180
-0.291129
-0.043775
0.117160
0.034971
-0.427987
0.054760
-0.005410
1.084225
-0.517483
-0.106005
0.336570
0.659388
-0.291083
-0.043154
0.116240
0.035210
-0.427550
0.053890
-0.005039
1.084146
-0.517369
-0.105876
0.336339
0.659825
-0.291443
-0.042690
0.115616
0.035131
-0.426816
0.052904
-0.004466
1.083656
-0.517384
-0.105059
0.336316
0.658423
-0.289780
-0.042406
0.114310
0.034811
-0.424736
0.050981
-0.003783
1.083994
-0.517554
-0.104678
0.336018
0.658565
-0.290597
-0.041616
0.113273
0.034965
-0.423959
0.050465
-0.003290
1.084390
-0.517626
-0.104599
0.335810
0.659280
-0.291843
-0.040967
0.112593
0.035030
-0.423479
0.050012
-0.002715
1.084830
-0.517856
-0.104525
0.335887
0.659402
-0.292313
-0.040968
0.112396
0.035103
-0.423382
0.049984
-0.002403
1.085739
-0.518151
-0.104590
0.335830
0.659794
-0.293973
-0.040439
0.112011
0.035128
-0.422981
0.049943
-0.001889
1.086129
-0.518250
-0.104593
0.335731
0.660159
-0.294834
-0.040092
0.111691
0.035143
-0.422663
0.049740
-0.001547
1.086280
-0.518262
-0.104630
0.335808
0.660354
-0.295129
-0.040056
0.111583
0.035050
-0.422432
0.049534
-0.001294
1.086435
-0.518310
-0.104657
0.335855
0.660578
-0.295467
-0.039957
0.111470
0.035030
-0.422328
0.049454
-0.001134
1.086517
-0.518310
-0.104646
0.335847
0.660779
-0.295735
-0.039836
0.111310
0.034971
-0.422103
0.049237
-0.000930
1.086532
-0.518283
-0.104602
0.335761
0.660967
-0.295903
-0.039748
0.111170
0.034936
-0.421903
0.049019
-0.000769
1.086465
-0.518243
-0.104499
0.335636
0.661061
-0.295929
-0.039611
0.110959
0.034888
-0.421604
0.048690
-0.000611
1.086406
-0.518186
-0.104492
0.335628
0.661086
-0.295895
-0.039572
0.110868
0.034833
-0.421420
0.048483
-0.000514
1.086395
-0.518160
-0.104471
0.335621
0.661068
-0.295863
-0.039568
0.110786
0.034811
-0.421275
0.048333
-0.000423
1.086436
-0.518176
-0.104465
0.335627
0.661081
-0.295916
-0.039547
0.110743
0.034796
-0.421196
0.048264
-0.000363
1.086515
-0.518213
-0.104471
0.335647
0.661075
-0.296005
-0.039527
0.110732
0.034780
-0.421148
0.048256
-0.000327
1.086560
-0.518235
-0.104470
0.335661
0.661062
-0.296036
-0.039542
0.110741
0.034764
-0.421120
0.048257
-0.000308
1.086612
-0.518272
-0.104451
0.335655
0.661057
-0.296082
-0.039533
0.110732
0.034757
-0.421087
0.048254
-0.000290
1.086612
-0.518274
-0.104436
0.335644
0.661060
-0.296073
-0.039536
0.110715
0.034756
-0.421060
0.048224
-0.000271
1.086595
-0.518259
-0.104427
0.335623
0.661070
-0.296045
-0.039558
0.110710
0.034766
-0.421059
0.048208
-0.000262
1.086592
-0.518257
-0.104422
0.335618
0.661068
-0.296035
-0.039565
0.110705
0.034767
-0.421050
0.048197
-0.000255
1.086585
-0.518248
-0.104419
0.335612
0.661063
-0.296011
-0.039586
0.110704
0.034772
-0.421046
0.048186
-0.000247
1.086570
-0.518238
-0.104413
0.335611
0.661041
-0.295966
-0.039605
0.110695
0.034776
-0.421031
0.048165
-0.000240
1.086570
-0.518241
-0.104403
0.335607
0.661031
-0.295953
-0.039610
0.110688
0.034777
-0.421021
0.048158
-0.000236
1.086559
-0.518241
-0.104381
0.335602
0.660999
-0.295906
-0.039617
0.110657
0.034782
-0.420986
0.048120
-0.000218
1.086568
-0.518250
-0.104374
0.335609
0.660987
-0.295905
-0.039615
0.110649
0.034780
-0.420976
0.048120
-0.000215
1.086578
-0.518264
-0.104355
0.335613
0.660956
-0.295884
-0.039618
0.110632
0.034775
-0.420946
0.048105
-0.000205
1.086592
-0.518277
-0.104343
0.335617
0.660945
-0.295885
-0.039619
0.110623
0.034772
-0.420933
0.048105
-0.000198
1.086611
-0.518297
-0.104328
0.335624
0.660919
-0.295880
-0.039620
0.110610
0.034769
-0.420911
0.048099
-0.000190
1.086619
-0.518308
-0.104315
0.335624
0.660906
-0.295872
-0.039622
0.110601
0.034770
-0.420900
0.048095
-0.000184
1.086639
-0.518324
-0.104307
0.335631
0.660890
-0.295881
-0.039619
0.110597
0.034767
-0.420891
0.048104
-0.000183
1.086642
-0.518329
-0.104299
0.335631
0.660878
-0.295876
-0.039615
0.110588
0.034765
-0.420878
0.048098
-0.000181
1.086644
-0.518333
-0.104294
0.335632
0.660868
-0.295871
-0.039615
0.110582
0.034764
-0.420870
0.048097
-0.000180
1.086646
-0.518336
-0.104289
0.335641
0.660844
-0.295851
-0.039620
0.110575
0.034760
-0.420852
0.048086
-0.000174
1.086651
-0.518347
-0.104273
0.335643
0.660821
-0.295836
-0.039618
0.110560
0.034757
-0.420831
0.048077
-0.000169
1.086660
-0.518364
-0.104249
0.335643
0.660796
-0.295816
-0.039620
0.110543
0.034753
-0.420803
0.048063
-0.000160
1.086675
-0.518380
-0.104232
0.335647
0.660779
-0.295815
-0.039616
0.110525
0.034754
-0.420788
0.048063
-0.000154
1.086691
-0.518397
-0.104216
0.335654
0.660759
-0.295813
-0.039614
0.110509
0.034752
-0.420769
0.048062
-0.000146
1.086714
-0.518422
-0.104196
0.335663
0.660727
-0.295804
-0.039618
0.110496
0.034749
-0.420746
0.048059
-0.000137
1.086738
-0.518447
-0.104176
0.335670
0.660699
-0.295804
-0.039613
0.110480
0.034744
-0.420720
0.048056
-0.000129
1.086754
-0.518467
-0.104153
0.335672
0.660672
-0.295792
-0.039614
0.110460
0.034744
-0.420697
0.048049
-0.000120
1.086773
-0.518485
-0.104137
0.335676
0.660653
-0.295790
-0.039615
0.110449
0.034743
-0.420681
0.048050
-0.000113
1.086789
-0.518498
-0.104129
0.335684
0.660635
-0.295790
-0.039619
0.110441
0.034743
-0.420670
0.048054
-0.000108
1.086804
-0.518522
-0.104100
0.335691
0.660591
-0.295760
-0.039622
0.110415
0.034740
-0.420633
0.048037
-0.000096
1.086817
-0.518540
-0.104075
0.335698
0.660554
-0.295727
-0.039635
0.110392
0.034738
-0.420598
0.048016
-0.000078
1.086854
-0.518575
-0.104053
0.335714
0.660526
-0.295736
-0.039633
0.110380
0.034729
-0.420572
0.048021
-0.000068
1.086892
-0.518610
-0.104029
0.335727
0.660501
-0.295750
-0.039630
0.110362
0.034724
-0.420550
0.048033
-0.000058
1.086935
-0.518644
-0.104012
0.335746
0.660471
-0.295766
-0.039633
0.110352
0.034716
-0.420527
0.048043
-0.000047
1.086983
-0.518687
-0.103987
0.335761
0.660441
-0.295786
-0.039629
0.110336
0.034713
-0.420507
0.048059
-0.000036
1.087011
-0.518716
-0.103962
0.335769
0.660420
-0.295794
-0.039625
0.110317
0.034707
-0.420482
0.048061
-0.000026
1.087044
-0.518749
-0.103937
0.335784
0.660382
-0.295789
-0.039627
0.110297
0.034700
-0.420447
0.048056
-0.000011
1.087075
-0.518776
-0.103921
0.335805
0.660351
-0.295797
-0.039622
0.110280
0.034691
-0.420421
0.048064
-0.000002
1.087110
-0.518810
-0.103898
0.335816
0.660328
-0.295811
-0.039615
0.110263
0.034686
-0.420399
0.048071
0.000007
1.087139
-0.518836
-0.103878
0.335824
0.660308
-0.295820
-0.039612
0.110245
0.034684
-0.420377
0.048073
0.000018
1.087167
-0.518863
-0.103860
0.335835
0.660281
-0.295823
-0.039611
0.110231
0.034680
-0.420356
0.048075
0.000027
1.087202
-0.518897
-0.103837
0.335843
0.660258
-0.295839
-0.039602
0.110215
0.034676
-0.420335
0.048084
0.000034
1.087221
-0.518918
-0.103816
0.335848
0.660233
-0.295835
-0.039598
0.110196
0.034672
-0.420308
0.048076
0.000044
1.087243
-0.518939
-0.103804
0.335856
0.660214
-0.295842
-0.039594
0.110185
0.034671
-0.420296
0.048081
0.000049
1.087259
-0.518954
-0.103791
0.335857
0.660203
-0.295847
-0.039590
0.110173
0.034673
-0.420283
0.048079
0.000055
1.087264
-0.518963
-0.103778
0.335855
0.660188
-0.295838
-0.039587
0.110159
0.034672
-0.420265
0.048067
0.000062
1.087272
-0.518975
-0.103764
0.335852
0.660173
-0.295830
-0.039584
0.110145
0.034676
-0.420252
0.048059
0.000067
1.087268
-0.518973
-0.103757
0.335849
0.660163
-0.295815
-0.039585
0.110129
0.034682
-0.420238
0.048042
0.000076
1.087268
-0.518973
-0.103754
0.335850
0.660154
-0.295805
-0.039587
0.110122
0.034683
-0.420230
0.048035
0.000080
1.087272
-0.518982
-0.103740
0.335850
0.660132
-0.295788
-0.039585
0.110107
0.034685
-0.420215
0.048025
0.000084
1.087272
-0.518985
-0.103735
0.335854
0.660113
-0.295774
-0.039584
0.110099
0.034682
-0.420199
0.048015
0.000087
1.087276
-0.518993
-0.103722
0.335852
0.660099
-0.295766
-0.039581
0.110086
0.034682
-0.420184
0.048007
0.000092
1.087280
-0.519002
-0.103710
0.335855
0.660078
-0.295753
-0.039580
0.110075
0.034681
-0.420168
0.047997
0.000097
1.087280
-0.519007
-0.103697
0.335854
0.660057
-0.295732
-0.039578
0.110057
0.034680
-0.420143
0.047978
0.000106
1.087281
-0.519012
-0.103682
0.335855
0.660031
-0.295710
-0.039577
0.110035
0.034679
-0.420113
0.047954
0.000118
1.087284
-0.519021
-0.103667
0.335865
0.659996
-0.295683
-0.039578
0.110018
0.034667
-0.420076
0.047933
0.000128
1.087296
-0.519035
-0.103651
0.335870
0.659977
-0.295678
-0.039574
0.109999
0.034667
-0.420056
0.047928
0.000135
1.087307
-0.519054
-0.103624
0.335881
0.659929
-0.295645
-0.039574
0.109972
0.034652
-0.419999
0.047898
0.000152
1.087348
-0.519097
-0.103589
0.335892
0.659891
-0.295654
-0.039564
0.109945
0.034645
-0.419964
0.047902
0.000163
1.087399
-0.519140
-0.103569
0.335916
0.659859
-0.295677
-0.039565
0.109935
0.034636
-0.419942
0.047922
0.000173
1.087443
-0.519181
-0.103543
0.335933
0.659828
-0.295688
-0.039565
0.109917
0.034634
-0.419923
0.047939
0.000183
1.087508
-0.519232
-0.103521
0.335951
0.659804
-0.295730
-0.039567
0.109914
0.034627
-0.419911
0.047972
0.000191
1.087547
-0.519263
-0.103507
0.335963
0.659785
-0.295752
-0.039566
0.109910
0.034622
-0.419899
0.047989
0.000197
1.087565
-0.519281
-0.103495
0.335966
0.659769
-0.295755
-0.039567
0.109903
0.034623
-0.419889
0.047994
0.000200
1.087576
-0.519289
-0.103487
0.335965
0.659759
-0.295758
-0.039566
0.109898
0.034621
-0.419878
0.047992
0.000205
1.087573
-0.519292
-0.103476
0.335959
0.659753
-0.295751
-0.039557
0.109883
0.034621
-0.419863
0.047979
0.000208
1.087567
-0.519295
-0.103459
0.335958
0.659722
-0.295711
-0.039563
0.109863
0.034617
-0.419825
0.047944
0.000222
1.087562
-0.519300
-0.103439
0.335954
0.659696
-0.295680
-0.039563
0.109842
0.034611
-0.419788
0.047913
0.000234
1.087568
-0.519315
-0.103416
0.335960
0.659663
-0.295654
-0.039562
0.109819
0.034605
-0.419754
0.047895
0.000244
1.087577
-0.519338
-0.103378
0.335970
0.659607
-0.295605
-0.039565
0.109781
0.034596
-0.419694
0.047860
0.000263
1.087637
-0.519389
-0.103351
0.335989
0.659580
-0.295642
-0.039556
0.109766
0.034587
-0.419671
0.047882
0.000274
1.087691
-0.519430
-0.103338
0.336015
0.659554
-0.295671
-0.039561
0.109760
0.034579
-0.419655
0.047906
0.000285
1.087733
-0.519467
-0.103317
0.336030
0.659530
-0.295690
-0.039559
0.109749
0.034574
-0.419637
0.047920
0.000295
1.087768
-0.519497
-0.103300
0.336037
0.659503
-0.295700
-0.039559
0.109741
0.034572
-0.419619
0.047926
0.000302
1.087772
-0.519503
-0.103292
0.336036
0.659490
-0.295692
-0.039559
0.109732
0.034574
-0.419610
0.047921
0.000305
