4.959631
-0.277968
-0.613437
-0.183165
-0.677117
2.640398
-0.515171
-0.582887
0.044248
-0.221740
1.662153
-0.535148
4.808182
-0.155022
-0.244698
-0.148458
-0.690177
2.152983
-0.639315
-0.460750
-0.022509
-0.292861
1.725473
-0.565425
4.695781
-0.170583
-0.364574
-0.157027
-0.727806
2.265199
-0.775891
-0.520580
-0.008900
-0.332284
1.672084
-0.571134
4.808021
-0.178601
-0.425901
-0.162554
-0.738355
2.314382
-0.755422
-0.526731
-0.012681
-0.342821
1.662334
-0.579674
4.907859
-0.201685
-0.445036
-0.154052
-0.728222
2.427553
-0.754578
-0.530406
-0.009476
-0.356431
1.646883
-0.569288
4.957102
-0.182421
-0.411580
-0.151489
-0.714254
2.379332
-0.773123
-0.556867
-0.011958
-0.359550
1.653962
-0.575790
5.018501
-0.199576
-0.435131
-0.154573
-0.703582
2.375603
-0.760298
-0.572336
-0.010779
-0.353294
1.683959
-0.579903
5.011766
-0.201489
-0.421135
-0.155290
-0.714005
2.332693
-0.721010
-0.582140
-0.014164
-0.347341
1.694377
-0.590658
5.022501
-0.211525
-0.413277
-0.155732
-0.719681
2.339585
-0.678922
-0.578977
-0.018651
-0.344911
1.699095
-0.596120
4.980013
-0.223816
-0.422034
-0.160615
-0.730654
2.385539
-0.604532
-0.564591
-0.021916
-0.343726
1.687245
-0.592269
4.994061
-0.234505
-0.431867
-0.158176
-0.738304
2.351605
-0.602121
-0.556746
-0.024976
-0.345717
1.695409
-0.595763
4.980493
-0.237998
-0.390862
-0.150900
-0.749330
2.355125
-0.605931
-0.554024
-0.041070
-0.376520
1.669570
-0.603046
4.976076
-0.229230
-0.385311
-0.153444
-0.758963
2.328273
-0.581817
-0.560013
-0.036023
-0.363212
1.677998
-0.605311
5.021015
-0.247489
-0.427013
-0.153179
-0.765269
2.357193
-0.594681
-0.559903
-0.042773
-0.384328
1.643883
-0.602639
5.051877
-0.215698
-0.380165
-0.152478
-0.765437
2.418318
-0.578207
-0.572626
-0.038966
-0.380472
1.634500
-0.603705
5.090056
-0.189228
-0.361492
-0.148198
-0.766463
2.392036
-0.547576
-0.539675
-0.026964
-0.346867
1.675682
-0.600337
5.076287
-0.144293
-0.325678
-0.147960
-0.753749
2.413161
-0.553247
-0.533937
-0.025178
-0.344810
1.683586
-0.600334
4.942514
-0.133996
-0.268138
-0.150994
-0.739164
2.435276
-0.487478
-0.529780
-0.036840
-0.348481
1.657903
-0.596053
4.824736
-0.044592
-0.173190
-0.150426
-0.709208
2.591548
-0.452956
-0.483988
-0.034792
-0.338163
1.683305
-0.597990
4.544582
0.040074
-0.020430
-0.158713
-0.661888
2.721486
-0.489859
-0.507907
-0.045293
-0.375849
1.653968
-0.602144
3.987560
0.076855
0.187238
-0.236622
-0.650124
2.393797
-0.276031
-0.510165
-0.056419
-0.314480
1.463721
-0.575136
4.223377
0.150409
0.138683
-0.234000
-0.724285
2.898264
-0.392680
-0.424175
-0.045541
-0.427954
1.484449
-0.585854
4.424284
0.235870
-0.066978
-0.238429
-0.793145
3.424438
-0.532891
-0.441371
-0.001852
-0.533146
1.451183
-0.600924
4.676924
0.268016
-0.399981
-0.250952
-0.840328
3.604852
-0.622323
-0.444968
-0.004485
-0.634725
1.373898
-0.563155
4.776130
0.171786
-0.372652
-0.223910
-0.845370
3.587178
-0.600166
-0.417650
-0.002271
-0.586436
1.422839
-0.561778
4.877267
0.235087
-0.445101
-0.223085
-0.897996
3.909006
-0.613192
-0.423535
-0.017798
-0.691065
1.564192
-0.633617
4.859592
0.286417
-0.466100
-0.222222
-0.912116
4.092921
-0.618717
-0.394529
-0.013087
-0.707690
1.683806
-0.677230
4.906168
0.202926
-0.457766
-0.201118
-0.906427
3.987671
-0.621051
-0.377793
-0.011412
-0.652944
1.744683
-0.674168
4.969439
0.136095
-0.423958
-0.177889
-0.884282
3.923426
-0.588958
-0.357639
0.006648
-0.559744
1.795897
-0.663833
4.805629
0.111977
-0.473967
-0.179497
-0.899969
3.902396
-0.587618
-0.319047
0.023815
-0.527099
1.887215
-0.666919
4.718594
0.105646
-0.466745
-0.168791
-0.917071
3.971894
-0.562783
-0.281665
0.036854
-0.497807
1.981827
-0.677008
4.641627
0.099728
-0.442041
-0.165025
-0.906474
3.932732
-0.513224
-0.234736
0.049001
-0.440070
2.050159
-0.667166
4.714971
0.058090
-0.455638
-0.155603
-0.884011
3.775333
-0.504597
-0.185559
0.047772
-0.385721
2.083808
-0.642474
4.659293
0.020713
-0.451930
-0.148481
-0.891041
3.615703
-0.520372
-0.174698
0.062658
-0.331889
2.138788
-0.623615
4.555204
0.026500
-0.438160
-0.146861
-0.896737
3.574350
-0.511691
-0.132282
0.070522
-0.298006
2.200929
-0.612317
4.506815
0.009366
-0.438335
-0.145299
-0.899691
3.519369
-0.489163
-0.110708
0.074365
-0.272999
2.230603
-0.598978
4.433274
-0.022545
-0.456996
-0.147874
-0.903749
3.475819
-0.479370
-0.104527
0.083086
-0.247878
2.260048
-0.585572
4.422627
-0.064666
-0.520720
-0.145357
-0.921198
3.544358
-0.467808
-0.092591
0.088834
-0.243189
2.276918
-0.575382
4.459390
-0.085606
-0.631723
-0.147161
-0.957765
3.670759
-0.468697
-0.122872
0.102971
-0.259272
2.270807
-0.571211
4.506251
-0.111164
-0.746770
-0.157424
-0.977651
3.758763
-0.473528
-0.162824
0.106220
-0.291138
2.194115
-0.563483
4.557841
-0.187074
-0.904562
-0.157332
-1.010895
3.835142
-0.473798
-0.217907
0.123479
-0.289235
2.185162
-0.536442
4.643715
-0.268578
-1.084271
-0.157740
-1.037267
3.915725
-0.480248
-0.288859
0.135087
-0.291931
2.156892
-0.509012
4.698158
-0.346286
-1.223312
-0.156571
-1.056737
3.927845
-0.486313
-0.337430
0.153276
-0.259324
2.156118
-0.468116
4.737568
-0.389666
-1.258928
-0.160272
-1.054617
3.850220
-0.465962
-0.351933
0.159213
-0.238695
2.081103
-0.426180
4.808065
-0.422575
-1.323252
-0.158247
-1.064618
3.865450
-0.468617
-0.397430
0.161287
-0.234105
2.010497
-0.402109
4.842534
-0.446878
-1.374888
-0.149714
-1.082123
3.866559
-0.471851
-0.412912
0.165849
-0.213429
1.995286
-0.375376
4.860557
-0.458451
-1.418585
-0.146141
-1.096109
3.854146
-0.452703
-0.419149
0.169392
-0.203793
1.974453
-0.341512
4.924564
-0.500841
-1.434949
-0.129678
-1.107595
3.818546
-0.421693
-0.388985
0.166335
-0.175606
1.964477
-0.300817
4.961607
-0.523071
-1.429422
-0.117500
-1.116807
3.819255
-0.385447
-0.361965
0.159738
-0.164209
1.947594
-0.272556
4.997884
-0.516570
-1.442596
-0.114914
-1.119813
3.829164
-0.380967
-0.370988
0.160683
-0.154662
1.910907
-0.259231
5.027628
-0.497604
-1.445511
-0.112052
-1.119968
3.865316
-0.382241
-0.381801
0.157196
-0.157024
1.867204
-0.256840
5.051916
-0.489731
-1.452655
-0.110044
-1.121310
3.898691
-0.384076
-0.391710
0.154627
-0.159247
1.841071
-0.254938
5.085179
-0.492791
-1.468952
-0.108811
-1.123754
3.919219
-0.385398
-0.400987
0.153245
-0.160671
1.827669
-0.251430
5.121324
-0.489446
-1.482612
-0.108101
-1.124128
3.932991
-0.389394
-0.408491
0.151555
-0.162592
1.806408
-0.248942
5.162955
-0.483298
-1.491640
-0.108007
-1.120381
3.938605
-0.395644
-0.412882
0.148930
-0.164898
1.773001
-0.247132
5.179498
-0.471005
-1.499095
-0.108230
-1.119002
3.952798
-0.405223
-0.417942
0.146254
-0.169621
1.747226
-0.248561
5.201928
-0.463646
-1.513315
-0.107785
-1.120780
3.973676
-0.411753
-0.425290
0.144084
-0.173389
1.732193
-0.248704
5.232662
-0.461747
-1.530527
-0.106824
-1.122613
3.989904
-0.416278
-0.431178
0.142583
-0.174649
1.722432
-0.246838
5.264803
-0.452498
-1.536355
-0.107204
-1.119922
3.993146
-0.421902
-0.434287
0.140358
-0.177677
1.695139
-0.245974
5.298483
-0.445409
-1.542172
-0.107314
-1.117010
3.994339
-0.428404
-0.438013
0.138316
-0.179587
1.666878
-0.244497
5.314109
-0.434952
-1.550635
-0.107706
-1.116282
4.005844
-0.436174
-0.442041
0.136175
-0.183273
1.648342
-0.245447
5.332589
-0.427620
-1.562999
-0.107642
-1.117517
4.019081
-0.442123
-0.447351
0.134736
-0.185592
1.637298
-0.245320
5.362676
-0.425685
-1.575885
-0.107033
-1.118257
4.028130
-0.445933
-0.451761
0.133497
-0.186351
1.627022
-0.243446
5.393733
-0.420411
-1.580697
-0.107292
-1.115823
4.029437
-0.450432
-0.454881
0.131719
-0.188275
1.604650
-0.242179
5.417364
-0.412623
-1.584439
-0.107763
-1.113580
4.031376
-0.455887
-0.457647
0.129852
-0.190711
1.582230
-0.241566
5.429192
-0.405939
-1.590258
-0.108095
-1.112999
4.041590
-0.461808
-0.461601
0.127978
-0.193891
1.568225
-0.242585
5.445731
-0.402783
-1.598942
-0.107867
-1.114072
4.052315
-0.465535
-0.466146
0.126668
-0.195661
1.560600
-0.242441
5.469283
-0.402645
-1.608313
-0.107405
-1.114692
4.059522
-0.467871
-0.469488
0.125601
-0.196283
1.553651
-0.241052
5.489866
-0.396795
-1.608851
-0.107950
-1.112252
4.059392
-0.471527
-0.471298
0.123989
-0.198534
1.534370
-0.240567
5.508085
-0.391437
-1.612040
-0.108433
-1.110449
4.060209
-0.475701
-0.473276
0.122541
-0.200402
1.517792
-0.239943
5.520242
-0.388051
-1.618585
-0.108424
-1.110877
4.068890
-0.479442
-0.476390
0.121240
-0.202402
1.510999
-0.240319
5.534692
-0.386278
-1.626714
-0.108172
-1.112097
4.078257
-0.482021
-0.479829
0.120259
-0.203692
1.507611
-0.240197
5.550868
-0.383088
-1.630128
-0.108332
-1.111321
4.081562
-0.485162
-0.481929
0.118990
-0.205511
1.497081
-0.240012
5.558058
-0.373332
-1.627451
-0.109497
-1.108466
4.082080
-0.490926
-0.483318
0.117139
-0.209590
1.478586
-0.241617
5.572582
-0.372159
-1.632688
-0.109450
-1.108794
4.087960
-0.493079
-0.486151
0.116183
-0.210814
1.473357
-0.241521
5.580195
-0.368393
-1.637290
-0.109572
-1.109273
4.095070
-0.496189
-0.488498
0.115196
-0.212868
1.469500
-0.242369
5.582680
-0.360756
-1.636257
-0.110381
-1.107917
4.098111
-0.500558
-0.489886
0.113776
-0.216346
1.458726
-0.244074
5.602659
-0.364603
-1.641163
-0.109880
-1.107940
4.101149
-0.501405
-0.491744
0.113149
-0.216164
1.455957
-0.243203
5.606483
-0.361625
-1.642995
-0.110074
-1.107864
4.106691
-0.504313
-0.493625
0.112336
-0.218046
1.452569
-0.244501
5.613360
-0.361436
-1.646285
-0.109950
-1.108447
4.111656
-0.505705
-0.495277
0.111829
-0.219000
1.452628
-0.245085
5.626094
-0.364169
-1.648436
-0.109707
-1.108282
4.112623
-0.506089
-0.496185
0.111459
-0.219053
1.451443
-0.244842
5.627251
-0.362262
-1.648860
-0.109920
-1.108290
4.115240
-0.507566
-0.497063
0.111054
-0.220426
1.450729
-0.245961
5.632526
-0.362621
-1.649268
-0.109937
-1.108022
4.115438
-0.508186
-0.497428
0.110786
-0.220889
1.449493
-0.246181
5.633913
-0.362385
-1.649976
-0.109950
-1.108224
4.117195
-0.508755
-0.497963
0.110628
-0.221465
1.450282
-0.246751
5.635354
-0.362341
-1.650544
-0.109961
-1.108352
4.118446
-0.509162
-0.498324
0.110520
-0.221872
1.450991
-0.247195
5.637878
-0.362830
-1.650902
-0.109923
-1.108344
4.118802
-0.509359
-0.498507
0.110442
-0.222027
1.451293
-0.247376
5.636917
-0.357377
-1.645872
-0.110208
-1.107390
4.118664
-0.511423
-0.499281
0.110294
-0.223242
1.447330
-0.248937
5.571666
-0.373088
-1.606924
-0.103542
-1.116743
4.087394
-0.518495
-0.488291
0.103335
-0.232129
1.435913
-0.250842
5.511566
-0.377644
-1.562142
-0.098176
-1.122843
4.065655
-0.526913
-0.482908
0.097905
-0.240714
1.418691
-0.255488
5.456161
-0.380786
-1.529263
-0.094128
-1.128169
4.045821
-0.533240
-0.477506
0.093683
-0.248072
1.405194
-0.258285
5.405919
-0.385134
-1.499007
-0.088487
-1.135830
4.021478
-0.540155
-0.468637
0.088981
-0.253901
1.394192
-0.259692
5.390571
-0.375533
-1.491793
-0.087607
-1.138406
4.007994
-0.549053
-0.468749
0.088095
-0.256738
1.386661
-0.261593
5.372827
-0.362303
-1.496717
-0.086812
-1.142710
3.971694
-0.568765
-0.474545
0.091466
-0.253584
1.384032
-0.260797
5.355274
-0.347993
-1.498258
-0.086098
-1.147006
3.937699
-0.590115
-0.482803
0.094635
-0.251982
1.379011
-0.261753
5.341446
-0.343158
-1.490248
-0.083603
-1.152232
3.922464
-0.599045
-0.485154
0.094710
-0.251847
1.377601
-0.263447
5.334319
-0.339687
-1.484086
-0.081481
-1.156631
3.914556
-0.601456
-0.486052
0.094991
-0.251729
1.380242
-0.263393
5.331780
-0.338127
-1.480193
-0.080269
-1.159447
3.911694
-0.606491
-0.489158
0.094935
-0.252452
1.380770
-0.265658
5.331633
-0.337384
-1.481189
-0.079710
-1.161235
3.916777
-0.607339
-0.491705
0.095192
-0.252559
1.386008
-0.266922
5.330888
-0.338211
-1.481422
-0.078975
-1.163380
3.921116
-0.607056
-0.492799
0.094939
-0.253608
1.391447
-0.267807
5.331030
-0.339061
-1.481376
-0.078355
-1.165278
3.924201
-0.607841
-0.493902
0.094526
-0.254658
1.395318
-0.269234
5.329898
-0.339632
-1.480897
-0.077751
-1.167155
3.926842
-0.608902
-0.495746
0.094287
-0.255951
1.398999
-0.270596
5.328074
-0.340581
-1.478665
-0.077035
-1.169253
3.926625
-0.611697
-0.497751
0.093769
-0.257870
1.400447
-0.272624
5.326560
-0.342523
-1.479334
-0.076703
-1.170975
3.926287
-0.615748
-0.500800
0.093202
-0.260284
1.401228
-0.274737
5.325653
-0.344475
-1.480307
-0.076472
-1.172299
3.926467
-0.618556
-0.503078
0.092823
-0.262025
1.402365
-0.276232
5.323697
-0.346380
-1.480622
-0.076274
-1.173450
3.925556
-0.621570
-0.505125
0.092378
-0.263704
1.402063
-0.277688
5.321413
-0.346744
-1.480712
-0.076442
-1.173816
3.924445
-0.624245
-0.506480
0.091850
-0.265668
1.399817
-0.278898
5.317045
-0.346651
-1.479085
-0.076683
-1.173833
3.924014
-0.625865
-0.507172
0.091183
-0.267781
1.396839
-0.280060
5.314575
-0.346397
-1.478865
-0.076822
-1.174107
3.922932
-0.627972
-0.508353
0.090966
-0.269024
1.395629
-0.281041
5.314188
-0.346537
-1.477640
-0.076805
-1.174481
3.922246
-0.629479
-0.508974
0.090405
-0.270744
1.394203
-0.282135
5.311786
-0.343846
-1.474718
-0.077493
-1.173344
3.920638
-0.630972
-0.508863
0.089884
-0.272962
1.389852
-0.283416
5.313443
-0.344813
-1.472161
-0.077509
-1.173396
3.917201
-0.632682
-0.509608
0.089550
-0.274421
1.388162
-0.284587
5.315384
-0.346574
-1.470565
-0.077384
-1.174074
3.915550
-0.634257
-0.510702
0.089067
-0.276289
1.388312
-0.286054
5.317541
-0.347793
-1.469867
-0.077406
-1.174358
3.916245
-0.634628
-0.511592
0.088918
-0.277257
1.389932
-0.287155
5.321996
-0.351200
-1.468556
-0.077176
-1.174641
3.913216
-0.635559
-0.512231
0.088489
-0.278286
1.388690
-0.287641
5.323908
-0.352800
-1.467657
-0.077054
-1.174939
3.912013
-0.636472
-0.512696
0.088166
-0.279258
1.388548
-0.288389
5.324648
-0.353549
-1.467352
-0.077084
-1.175262
3.912626
-0.636873
-0.513139
0.087934
-0.280284
1.389852
-0.289312
5.325408
-0.354142
-1.467209
-0.077079
-1.175587
3.913080
-0.637316
-0.513605
0.087774
-0.281073
1.391201
-0.290105
5.325810
-0.354581
-1.466811
-0.077086
-1.175845
3.913182
-0.637767
-0.513923
0.087577
-0.281906
1.391847
-0.290797
5.325883
-0.354795
-1.466302
-0.077069
-1.176009
3.913136
-0.638104
-0.514094
0.087412
-0.282507
1.392039
-0.291259
5.325555
-0.354633
-1.465679
-0.077078
-1.176053
3.912745
-0.638512
-0.514128
0.087240
-0.283033
1.391480
-0.291584
5.325266
-0.354598
-1.465497
-0.077106
-1.176090
3.912756
-0.638733
-0.514170
0.087129
-0.283396
1.391384
-0.291824
5.325212
-0.354667
-1.465240
-0.077133
-1.176077
3.912742
-0.638877
-0.514226
0.087058
-0.283660
1.391263
-0.292017
5.325413
-0.354808
-1.465144
-0.077136
-1.176103
3.912753
-0.638993
-0.514307
0.086998
-0.283857
1.391311
-0.292169
5.325800
-0.355049
-1.465107
-0.077131
-1.176110
3.912674
-0.639070
-0.514324
0.086960
-0.283956
1.391333
-0.292252
5.326021
-0.355181
-1.465065
-0.077133
-1.176108
3.912702
-0.639054
-0.514328
0.086941
-0.284020
1.391427
-0.292299
5.326275
-0.355277
-1.464984
-0.077127
-1.176103
3.912655
-0.639082
-0.514327
0.086919
-0.284077
1.391440
-0.292349
5.326275
-0.355267
-1.464905
-0.077130
-1.176104
3.912693
-0.639109
-0.514344
0.086905
-0.284139
1.391457
-0.292406
5.326192
-0.355250
-1.464820
-0.077128
-1.176097
3.912755
-0.639104
-0.514346
0.086905
-0.284140
1.391463
-0.292433
5.326177
-0.355244
-1.464788
-0.077130
-1.176092
3.912768
-0.639098
-0.514357
0.086900
-0.284154
1.391458
-0.292445
5.326143
-0.355251
-1.464738
-0.077132
-1.176081
3.912820
-0.639087
-0.514359
0.086900
-0.284156
1.391462
-0.292461
5.326070
-0.355220
-1.464696
-0.077142
-1.176057
3.912866
-0.639085
-0.514362
0.086902
-0.284164
1.391444
-0.292477
5.326070
-0.355205
-1.464655
-0.077146
-1.176047
3.912867
-0.639080
-0.514364
0.086901
-0.284174
1.391436
-0.292487
5.326016
-0.355146
-1.464565
-0.077161
-1.176017
3.912871
-0.639097
-0.514388
0.086897
-0.284213
1.391368
-0.292525
5.326060
-0.355150
-1.464546
-0.077168
-1.176016
3.912879
-0.639106
-0.514397
0.086897
-0.284242
1.391421
-0.292555
5.326109
-0.355135
-1.464482
-0.077182
-1.175996
3.912882
-0.639117
-0.514399
0.086893
-0.284279
1.391427
-0.292598
5.326177
-0.355145
-1.464438
-0.077189
-1.175995
3.912903
-0.639123
-0.514410
0.086890
-0.284316
1.391500
-0.292647
5.326271
-0.355149
-1.464403
-0.077198
-1.175981
3.912901
-0.639123
-0.514433
0.086883
-0.284348
1.391519
-0.292674
5.326310
-0.355137
-1.464364
-0.077204
-1.175974
3.912915
-0.639126
-0.514442
0.086884
-0.284372
1.391547
-0.292706
5.326408
-0.355166
-1.464340
-0.077209
-1.175967
3.912895
-0.639130
-0.514436
0.086886
-0.284387
1.391581
-0.292726
5.326422
-0.355157
-1.464313
-0.077214
-1.175958
3.912865
-0.639137
-0.514431
0.086885
-0.284397
1.391555
-0.292730
5.326432
-0.355148
-1.464300
-0.077217
-1.175950
3.912846
-0.639129
-0.514443
0.086881
-0.284400
1.391552
-0.292733
5.326442
-0.355144
-1.464282
-0.077228
-1.175935
3.912859
-0.639137
-0.514437
0.086882
-0.284422
1.391555
-0.292757
5.326467
-0.355116
-1.464237
-0.077238
-1.175920
3.912841
-0.639141
-0.514442
0.086880
-0.284447
1.391552
-0.292781
5.326511
-0.355081
-1.464167
-0.077251
-1.175906
3.912860
-0.639148
-0.514448
0.086876
-0.284495
1.391590
-0.292831
5.326584
-0.355082
-1.464108
-0.077261
-1.175902
3.912860
-0.639164
-0.514467
0.086878
-0.284535
1.391656
-0.292881
5.326663
-0.355084
-1.464059
-0.077273
-1.175897
3.912863
-0.639170
-0.514490
0.086876
-0.284582
1.391734
-0.292936
5.326775
-0.355084
-1.464009
-0.077285
-1.175881
3.912880
-0.639166
-0.514510
0.086874
-0.284625
1.391789
-0.292980
5.326893
-0.355090
-1.463956
-0.077296
-1.175868
3.912864
-0.639179
-0.514518
0.086870
-0.284668
1.391826
-0.293026
5.326971
-0.355077
-1.463884
-0.077309
-1.175853
3.912866
-0.639185
-0.514539
0.086868
-0.284705
1.391858
-0.293071
5.327065
-0.355090
-1.463829
-0.077317
-1.175844
3.912880
-0.639199
-0.514541
0.086869
-0.284742
1.391925
-0.293125
5.327143
-0.355111
-1.463801
-0.077325
-1.175837
3.912885
-0.639192
-0.514565
0.086868
-0.284767
1.391985
-0.293154
5.327217
-0.355073
-1.463723
-0.077344
-1.175811
3.912903
-0.639203
-0.514587
0.086864
-0.284822
1.392023
-0.293216
5.327280
-0.355054
-1.463637
-0.077363
-1.175792
3.912973
-0.639216
-0.514617
0.086857
-0.284889
1.392104
-0.293302
5.327462
-0.355080
-1.463585
-0.077378
-1.175791
3.913014
-0.639227
-0.514634
0.086855
-0.284969
1.392260
-0.293387
5.327648
-0.355111
-1.463517
-0.077393
-1.175792
3.913037
-0.639234
-0.514672
0.086851
-0.285039
1.392434
-0.293481
5.327859
-0.355174
-1.463465
-0.077408
-1.175789
3.913062
-0.639231
-0.514701
0.086847
-0.285106
1.392574
-0.293549
5.328094
-0.355219
-1.463404
-0.077421
-1.175786
3.913079
-0.639240
-0.514736
0.086846
-0.285171
1.392731
-0.293639
5.328231
-0.355226
-1.463330
-0.077435
-1.175787
3.913090
-0.639241
-0.514769
0.086841
-0.285244
1.392859
-0.293711
5.328393
-0.355240
-1.463263
-0.077454
-1.175775
3.913125
-0.639251
-0.514801
0.086834
-0.285323
1.392982
-0.293799
5.328545
-0.355273
-1.463219
-0.077472
-1.175774
3.913134
-0.639263
-0.514828
0.086831
-0.285395
1.393139
-0.293886
5.328716
-0.355293
-1.463162
-0.077485
-1.175774
3.913145
-0.639276
-0.514857
0.086828
-0.285460
1.393267
-0.293962
5.328859
-0.355321
-1.463096
-0.077496
-1.175772
3.913159
-0.639292
-0.514885
0.086824
-0.285524
1.393383
-0.294037
5.328996
-0.355337
-1.463051
-0.077508
-1.175764
3.913170
-0.639297
-0.514910
0.086820
-0.285570
1.393461
-0.294092
5.329167
-0.355357
-1.462995
-0.077518
-1.175760
3.913156
-0.639308
-0.514930
0.086818
-0.285623
1.393559
-0.294155
5.329261
-0.355356
-1.462929
-0.077531
-1.175749
3.913149
-0.639323
-0.514942
0.086814
-0.285675
1.393600
-0.294206
5.329368
-0.355370
-1.462906
-0.077538
-1.175743
3.913140
-0.639327
-0.514966
0.086811
-0.285699
1.393643
-0.294238
5.329447
-0.355382
-1.462862
-0.077543
-1.175739
3.913134
-0.639343
-0.514975
0.086812
-0.285734
1.393678
-0.294269
5.329471
-0.355364
-1.462822
-0.077548
-1.175726
3.913114
-0.639354
-0.514983
0.086806
-0.285750
1.393645
-0.294286
5.329511
-0.355348
-1.462784
-0.077552
-1.175713
3.913102
-0.639369
-0.514992
0.086804
-0.285763
1.393621
-0.294303
5.329491
-0.355337
-1.462744
-0.077557
-1.175702
3.913095
-0.639386
-0.515010
0.086803
-0.285783
1.393591
-0.294320
5.329491
-0.355337
-1.462726
-0.077560
-1.175694
3.913102
-0.639399
-0.515012
0.086801
-0.285789
1.393585
-0.294337
5.329511
-0.355314
-1.462684
-0.077568
-1.175676
3.913088
-0.639417
-0.515010
0.086803
-0.285798
1.393546
-0.294351
5.329511
-0.355299
-1.462673
-0.077574
-1.175661
3.913066
-0.639421
-0.515007
0.086800
-0.285805
1.393508
-0.294353
5.329530
-0.355281
-1.462631
-0.077580
-1.175650
3.913041
-0.639426
-0.515012
0.086798
-0.285822
1.393487
-0.294367
5.329550
-0.355258
-1.462601
-0.077588
-1.175636
3.913020
-0.639423
-0.515017
0.086800
-0.285842
1.393454
-0.294369
5.329550
-0.355233
-1.462555
-0.077597
-1.175618
3.913011
-0.639450
-0.515016
0.086794
-0.285864
1.393424
-0.294405
5.329555
-0.355214
-1.462492
-0.077608
-1.175598
3.912988
-0.639470
-0.515023
0.086789
-0.285900
1.393375
-0.294430
5.329569
-0.355186
-1.462448
-0.077625
-1.175578
3.912985
-0.639479
-0.515023
0.086780
-0.285944
1.393375
-0.294470
5.329628
-0.355181
-1.462395
-0.077637
-1.175572
3.912983
-0.639495
-0.515044
0.086780
-0.285992
1.393438
-0.294520
5.329682
-0.355146
-1.462312
-0.077660
-1.175546
3.912984
-0.639516
-0.515045
0.086768
-0.286076
1.393473
-0.294598
5.329883
-0.355154
-1.462217
-0.077679
-1.175535
3.912964
-0.639527
-0.515073
0.086764
-0.286154
1.393585
-0.294680
5.330133
-0.355216
-1.462174
-0.077695
-1.175538
3.913001
-0.639516
-0.515118
0.086760
-0.286235
1.393801
-0.294771
5.330349
-0.355249
-1.462110
-0.077712
-1.175538
3.913054
-0.639526
-0.515162
0.086760
-0.286309
1.394016
-0.294883
5.330667
-0.355346
-1.462051
-0.077722
-1.175542
3.913080
-0.639510
-0.515195
0.086758
-0.286372
1.394223
-0.294962
5.330859
-0.355403
-1.462013
-0.077729
-1.175541
3.913090
-0.639511
-0.515206
0.086758
-0.286413
1.394341
-0.295019
5.330947
-0.355410
-1.461986
-0.077733
-1.175532
3.913083
-0.639501
-0.515226
0.086756
-0.286431
1.394379
-0.295038
5.331001
-0.355430
-1.461946
-0.077736
-1.175523
3.913057
-0.639508
-0.515212
0.086756
-0.286441
1.394356
-0.295048
5.330986
-0.355399
-1.461911
-0.077739
-1.175516
3.913023
-0.639528
-0.515212
0.086752
-0.286455
1.394314
-0.295057
5.330957
-0.355352
-1.461851
-0.077752
-1.175489
3.913033
-0.639545
-0.515213
0.086742
-0.286493
1.394258
-0.295088
5.330932
-0.355301
-1.461783
-0.077763
-1.175466
3.913015
-0.639558
-0.515210
0.086732
-0.286531
1.394196
-0.295113
5.330961
-0.355259
-1.461718
-0.077781
-1.175450
3.913024
-0.639573
-0.515223
0.086728
-0.286586
1.394232
-0.295170
5.331006
-0.355194
-1.461602
-0.077811
-1.175421
3.913062
-0.639601
-0.515241
0.086721
-0.286690
1.394309
-0.295273
5.331300
-0.355264
-1.461533
-0.077826
-1.175427
3.913078
-0.639615
-0.515272
0.086718
-0.286776
1.394512
-0.295377
5.331564
-0.355351
-1.461507
-0.077839
-1.175435
3.913139
-0.639606
-0.515329
0.086709
-0.286849
1.394754
-0.295476
5.331770
-0.355394
-1.461454
-0.077852
-1.175437
3.913167
-0.639609
-0.515357
0.086709
-0.286919
1.394917
-0.295559
5.331942
-0.355434
-1.461408
-0.077858
-1.175421
3.913156
-0.639614
-0.515361
0.086707
-0.286946
1.394948
-0.295591
5.331961
-0.355426
-1.461382
-0.077861
-1.175408
3.913140
-0.639618
-0.515368
0.086706
-0.286947
1.394919
-0.295595
